3E-4	0.75754	1.48982	1.67889	0.68828	0.70883	1.11385
0.0264	0.75769	1.49065	1.6793	0.68851	0.70914	1.11396
0.0579	0.76011	1.49466	1.68572	0.69071	0.71161	1.12127
0.0893	0.75764	1.49119	1.6789	0.68855	0.70924	1.11299
0.1208	0.75549	1.48677	1.67415	0.68661	0.70745	1.11118
0.1525	0.75458	1.48551	1.67186	0.6861	0.7069	1.10939
0.1843	0.75446	1.48578	1.67149	0.68609	0.7072	1.11046
0.2157	0.75502	1.48747	1.67229	0.68706	0.70822	1.11143
0.2472	0.75555	1.49002	1.67381	0.68822	0.70961	1.11288
0.2787	0.75699	1.49352	1.67625	0.68992	0.71134	1.11529
0.3104	0.75815	1.49801	1.67954	0.6917	0.71339	1.11884
0.3421	0.76016	1.50317	1.6831	0.69405	0.71594	1.12221
0.3736	0.76184	1.50915	1.68761	0.69646	0.71861	1.1258
0.4053	0.7641	1.51559	1.69264	0.69971	0.72175	1.13031
0.4368	0.76686	1.52268	1.69854	0.70273	0.72543	1.1355
0.4683	0.76947	1.5303	1.7043	0.70638	0.72903	1.14062
0.5	0.7723	1.53874	1.71089	0.71018	0.73325	1.14568
0.532	0.77577	1.54751	1.71815	0.71444	0.73777	1.15186
0.5635	0.77918	1.55706	1.72565	0.71857	0.74257	1.15852
0.5949	0.78287	1.56731	1.73394	0.72337	0.74681	1.16467
0.6264	0.78651	1.5781	1.74291	0.72809	0.75206	1.17144
0.6581	0.79065	1.5893	1.75174	0.73317	0.7572	1.17955
0.6899	0.79492	1.60089	1.76114	0.73834	0.76278	1.18738
0.7213	0.79915	1.61311	1.77136	0.74405	0.7684	1.19482
0.7528	0.80393	1.62582	1.78125	0.74946	0.77455	1.20339
0.7843	0.8084	1.6385	1.79199	0.75535	0.78015	1.21265
0.816	0.8139	1.65263	1.80263	0.76153	0.78676	1.22132
0.8475	0.81857	1.66683	1.81417	0.7679	0.79347	1.23082
0.8789	0.82403	1.68007	1.82544	0.77389	0.80022	1.23991
0.9104	0.83019	1.69414	1.8378	0.78038	0.80701	1.25014
0.9419	0.83596	1.70893	1.84987	0.78676	0.81428	1.26055
0.9739	0.84223	1.72397	1.86272	0.79412	0.8222	1.27047
1.0056	0.84852	1.74095	1.87431	0.8013	0.83085	1.28006
1.012	0.84965	1.74168	1.87796	0.80185	0.8312	1.28301
1.0181	0.84955	1.7461	1.88142	0.80304	0.83093	1.28422
1.0245	0.84969	1.75336	1.88379	0.80498	0.83188	1.28404
1.0307	0.8512	1.75954	1.88527	0.80742	0.83445	1.28609
1.0371	0.85387	1.76174	1.88694	0.80937	0.83792	1.28871
1.0435	0.85622	1.76065	1.88968	0.81027	0.84046	1.29213
1.0496	0.85713	1.76016	1.89335	0.81066	0.84109	1.29621
1.056	0.85682	1.76402	1.89723	0.81132	0.84071	1.29751
1.0624	0.85679	1.77197	1.89976	0.81298	0.84076	1.29749
1.0685	0.85827	1.7802	1.90122	0.8155	0.84272	1.29844
1.0749	0.86127	1.78439	1.9024	0.81815	0.84631	1.29989
1.0811	0.86427	1.7835	1.90454	0.82006	0.84996	1.30339
1.0875	0.86558	1.78078	1.90809	0.82076	0.85222	1.30859
1.0939	0.86535	1.78127	1.91253	0.82083	0.85236	1.31124
1.1	0.86461	1.78729	1.91637	0.82146	0.85125	1.31261
1.1064	0.8652	1.79682	1.91893	0.82325	0.85111	1.31271
1.1128	0.86783	1.80557	1.91999	0.82589	0.85324	1.31216
1.1189	0.87145	1.80958	1.92066	0.82871	0.85727	1.31378
1.1253	0.87426	1.80826	1.92234	0.83078	0.86159	1.31778
1.1317	0.87515	1.80467	1.92573	0.83184	0.86452	1.32204
1.1381	0.87412	1.80329	1.93053	0.83198	0.86514	1.32688
1.1443	0.87293	1.8075	1.93541	0.83197	0.86385	1.32906
1.1509	0.87341	1.81691	1.93907	0.8329	0.86245	1.32884
1.1571	0.87609	1.82789	1.94084	0.83506	0.86273	1.32881
1.1635	0.88024	1.8361	1.94116	0.83819	0.86563	1.32843
1.1696	0.88398	1.83848	1.94152	0.84117	0.87032	1.32997
1.176	0.88579	1.83525	1.94301	0.84339	0.87529	1.33466
1.1821	0.88517	1.82996	1.9467	0.84446	0.87872	1.33952
1.1885	0.88331	1.82771	1.95177	0.84447	0.87962	1.34403
1.1949	0.88208	1.83211	1.95724	0.84412	0.87826	1.34789
1.2011	0.88309	1.84267	1.96157	0.84445	0.87609	1.34764
1.2075	0.88656	1.85527	1.96405	0.84604	0.87517	1.34684
1.2136	0.89132	1.86531	1.96455	0.84905	0.87667	1.34642
1.22	0.89542	1.86988	1.96414	0.85266	0.88089	1.34589
1.2264	0.89742	1.86851	1.96479	0.85607	0.88652	1.34894
1.2325	0.89697	1.86289	1.96719	0.85821	0.89193	1.35471
1.2389	0.89469	1.85708	1.97172	0.85901	0.89533	1.35972
1.2453	0.89259	1.85578	1.97746	0.85862	0.89596	1.36539
1.2515	0.89245	1.86183	1.98327	0.85788	0.89424	1.36862
1.2579	0.89511	1.87379	1.98778	0.85768	0.89135	1.36881
1.264	0.89971	1.88799	1.99032	0.85878	0.88922	1.36826
1.2704	0.90474	1.8997	1.99077	0.8616	0.88975	1.36666
1.2768	0.90903	1.90581	1.98991	0.8657	0.8933	1.36512
1.2832	0.91088	1.90522	1.98932	0.87	0.89858	1.36675
1.2893	0.9099	1.89932	1.99001	0.87351	0.9047	1.3706
1.2957	0.90715	1.89147	1.99346	0.87533	0.91035	1.37641
1.3021	0.90428	1.88597	1.9994	0.87551	0.9137	1.38379
1.3083	0.90334	1.88623	2.00647	0.87452	0.9141	1.38921
1.3147	0.90553	1.89449	2.01314	0.87327	0.91201	1.39157
1.3211	0.91048	1.90898	2.01799	0.87274	0.90861	1.39306
1.3272	0.91667	1.9254	2.02027	0.87365	0.90556	1.39138
1.3336	0.92217	1.93898	2.01996	0.8764	0.90485	1.3887
1.34	0.9256	1.94634	2.01839	0.88062	0.9074	1.38751
1.3461	0.92614	1.94654	2.01713	0.88541	0.91267	1.38774
1.3528	0.92383	1.94085	2.0173	0.88961	0.91984	1.39046
1.3589	0.92025	1.93173	2.01984	0.89265	0.92666	1.39679
1.3653	0.91686	1.92312	2.02516	0.89412	0.93201	1.40314
1.3717	0.91551	1.91928	2.03242	0.894	0.93487	1.41002
1.3779	0.91752	1.92307	2.04012	0.89277	0.93472	1.41618
1.3843	0.92264	1.93471	2.04697	0.89107	0.93207	1.41904
1.3904	0.92943	1.95135	2.05152	0.88985	0.92789	1.42008
1.3968	0.93603	1.96883	2.05376	0.89	0.92389	1.41896
1.4029	0.94101	1.98318	2.0535	0.89215	0.92189	1.41588
1.4093	0.94329	1.99187	2.05154	0.8961	0.9231	1.41276
1.4157	0.94268	1.99383	2.04923	0.90104	0.92763	1.41058
1.4219	0.9394	1.98944	2.04808	0.90646	0.93438	1.41251
1.4283	0.93463	1.98005	2.0489	0.91082	0.94237	1.41657
1.4347	0.93038	1.9684	2.05225	0.91396	0.94975	1.42316
1.4411	0.92866	1.95883	2.05841	0.91536	0.95543	1.43198
1.4472	0.93025	1.95568	2.06639	0.91509	0.95856	1.43903
1.4539	0.93526	1.96113	2.07481	0.91378	0.95879	1.44498
1.46	0.94242	1.97441	2.08259	0.91186	0.95644	1.44956
1.4664	0.95025	1.9924	2.08843	0.91	0.95199	1.4504
1.4725	0.957	2.01125	2.09174	0.90905	0.94674	1.44979
1.4789	0.96124	2.0274	2.09238	0.90981	0.94251	1.44747
1.4851	0.96284	2.03964	2.09083	0.91254	0.94082	1.44298
1.4915	0.96188	2.04588	2.08776	0.91685	0.94254	1.43966
1.4979	0.95818	2.0449	2.08459	0.92236	0.94763	1.43822
1.504	0.9527	2.03726	2.08277	0.92808	0.95545	1.43883
1.5104	0.9476	2.02535	2.08328	0.93313	0.96437	1.44361
1.5165	0.94434	2.01232	2.08623	0.93705	0.97269	1.45115
1.5229	0.9443	2.00191	2.09242	0.93933	0.97965	1.45891
1.5293	0.94796	1.99735	2.10078	0.9399	0.98412	1.46818
1.5355	0.95464	2.00071	2.11061	0.93893	0.98598	1.47573
1.5419	0.96291	2.01246	2.1202	0.93683	0.98484	1.48065
1.548	0.9713	2.03059	2.12809	0.93415	0.98129	1.48456
1.5544	0.9782	2.05151	2.13336	0.93178	0.97598	1.48536
1.5608	0.98293	2.07164	2.13567	0.93034	0.9702	1.48326
1.5669	0.98486	2.0883	2.13521	0.93067	0.96522	1.48057
1.5733	0.9837	2.09973	2.13265	0.93303	0.96248	1.47584
1.5797	0.97973	2.10524	2.1288	0.93722	0.96296	1.47126
1.5861	0.97416	2.10447	2.12485	0.94273	0.9671	1.46908
1.5925	0.96784	2.09757	2.12199	0.94879	0.97413	1.46814
1.5989	0.96272	2.08567	2.12119	0.95499	0.98238	1.47072
1.6051	0.9602	2.07108	2.12332	0.96024	0.99155	1.4767
1.6115	0.96105	2.05696	2.12871	0.96409	1.00059	1.48396
1.6176	0.96565	2.0469	2.13648	0.96666	1.00823	1.49356
1.624	0.97321	2.04366	2.1463	0.96768	1.01357	1.50296
1.6304	0.98241	2.04863	2.15676	0.96711	1.01628	1.51049
1.6365	0.99148	2.06157	2.16698	0.96517	1.01605	1.51766
1.6429	0.99936	2.08068	2.17549	0.96247	1.01316	1.52209
1.6493	1.00535	2.10288	2.18187	0.95946	1.00842	1.52386
1.6555	1.00879	2.12497	2.18561	0.95684	1.0022	1.52467
1.6619	1.00947	2.14413	2.18659	0.95513	0.99571	1.52241
1.668	1.00737	2.15887	2.18497	0.9551	0.98985	1.51753
1.6744	1.00304	2.16854	2.18117	0.95699	0.9866	1.51312
1.6808	0.99682	2.17274	2.17615	0.96073	0.98652	1.50782
1.6869	0.99	2.17117	2.17092	0.96618	0.9899	1.50344
1.6933	0.98363	2.16391	2.16663	0.97263	0.99639	1.50226
1.6995	0.97926	2.15191	2.16437	0.97935	1.00526	1.5029
1.7059	0.97818	2.13673	2.16515	0.98573	1.01505	1.50663
1.712	0.98091	2.12089	2.16892	0.99114	1.0251	1.51434
1.7184	0.9869	2.10679	2.17573	0.99516	1.03417	1.52254
1.7248	0.99576	2.09746	2.18479	0.99812	1.04163	1.53216
1.7312	1.00559	2.09552	2.19563	0.99939	1.0471	1.54277
1.7373	1.01566	2.10214	2.20679	0.99908	1.05033	1.55105
1.744	1.02451	2.11677	2.21769	0.99723	1.05118	1.55894
1.7501	1.03134	2.13723	2.22748	0.99456	1.04959	1.56502
1.7565	1.03582	2.16038	2.23529	0.99121	1.04574	1.56786
1.7627	1.03785	2.18344	2.2406	0.98768	1.04007	1.5696
1.7691	1.03718	2.20464	2.24318	0.9848	1.03331	1.56915
1.7755	1.03409	2.22273	2.24303	0.98289	1.02621	1.56591
1.7816	1.02889	2.23683	2.24055	0.98248	1.01982	1.56201
1.788	1.02218	2.24568	2.23598	0.98379	1.01502	1.55674
1.7941	1.0146	2.24901	2.23014	0.98706	1.01298	1.54996
1.8005	1.00748	2.24729	2.22393	0.99187	1.01445	1.54583
1.8069	1.00193	2.24096	2.21849	0.99801	1.01915	1.54165
1.8131	0.99899	2.2302	2.2145	1.00469	1.02681	1.53985
1.8195	0.9997	2.21571	2.21313	1.01161	1.03632	1.54227
1.8256	1.00398	2.19888	2.21476	1.01818	1.04662	1.5462
1.832	1.0113	2.1818	2.21936	1.02399	1.05721	1.55299
1.8384	1.02088	2.16735	2.22675	1.0289	1.06701	1.56297
1.8445	1.03145	2.15803	2.23643	1.03249	1.07546	1.57245
1.8509	1.04199	2.15577	2.24766	1.03473	1.08223	1.58319
1.8571	1.05168	2.16089	2.25953	1.03566	1.0872	1.59381
1.8635	1.05955	2.17359	2.27164	1.03526	1.08994	1.60177
1.8699	1.06566	2.19291	2.28286	1.03365	1.09047	1.60953
1.8763	1.06938	2.21625	2.29266	1.03108	1.08899	1.61555
1.8827	1.07071	2.24061	2.30044	1.0277	1.08565	1.61884
1.8891	1.0696	2.26401	2.30583	1.02407	1.08051	1.62123
1.8952	1.06624	2.28513	2.30865	1.02033	1.07389	1.62155
1.9016	1.06094	2.30326	2.30893	1.01729	1.06642	1.61907
1.9077	1.05396	2.31789	2.30707	1.01511	1.05901	1.61604
1.9141	1.04609	2.32831	2.30323	1.01438	1.05221	1.61115
1.9205	1.03797	2.33428	2.29787	1.0153	1.04695	1.60464
1.9267	1.03056	2.3357	2.29127	1.01818	1.04404	1.5992
1.9331	1.02495	2.33289	2.28468	1.02273	1.04431	1.59302
1.9392	1.02216	2.32618	2.27821	1.0285	1.04782	1.58748
1.9456	1.02276	2.31443	2.27322	1.03528	1.05449	1.58496
1.952	1.02675	2.30007	2.27024	1.04243	1.06324	1.58355
1.9581	1.03398	2.28304	2.26963	1.04955	1.07365	1.58579
1.9645	1.04357	2.26501	2.27198	1.05637	1.0845	1.59155
1.9707	1.05427	2.24787	2.27718	1.06239	1.09541	1.59818
1.9771	1.06499	2.23401	2.28532	1.06756	1.10529	1.60767
1.9835	1.07551	2.2254	2.29573	1.07168	1.11422	1.61863
1.9896	1.08503	2.22324	2.30786	1.07475	1.12164	1.62878
1.996	1.09281	2.22813	2.32073	1.07674	1.12735	1.63958
2.0021	1.099	2.24001	2.3335	1.07766	1.13146	1.65019
2.0085	1.1033	2.2579	2.34564	1.07745	1.13391	1.65819
2.0149	1.10564	2.28005	2.3563	1.07605	1.13473	1.66591
2.0213	1.10618	2.30416	2.36572	1.07368	1.13387	1.67128
2.0275	1.10445	2.3282	2.37376	1.07051	1.13133	1.67628
2.0339	1.10085	2.35111	2.37886	1.06678	1.12712	1.67828
2.0403	1.0954	2.37228	2.38219	1.0625	1.1214	1.6791
2.0467	1.08846	2.39085	2.38359	1.0584	1.11452	1.67968
2.0528	1.08047	2.40603	2.38284	1.05488	1.10677	1.67645
2.0592	1.07189	2.41758	2.38024	1.05224	1.0987	1.67272
2.0653	1.06344	2.42562	2.37581	1.05083	1.09098	1.66849
2.0717	1.05624	2.4302	2.36975	1.05066	1.08467	1.66164
2.0781	1.05105	2.43154	2.36267	1.05209	1.08018	1.655
2.0843	1.0485	2.42941	2.3549	1.05497	1.07822	1.64909
2.0907	1.04892	2.42333	2.34735	1.05936	1.07895	1.64201
2.0968	1.05252	2.41363	2.34049	1.06496	1.08255	1.63714
2.1032	1.05874	2.40095	2.33513	1.07163	1.08902	1.63417
2.1096	1.06755	2.38614	2.33184	1.07889	1.09731	1.63221
2.1157	1.07794	2.36938	2.33111	1.08609	1.10734	1.63404
2.1221	1.08934	2.35149	2.33304	1.09321	1.1178	1.6382
2.1283	1.10058	2.334	2.33766	1.09981	1.1288	1.64413
2.1347	1.11111	2.31879	2.34491	1.10581	1.13928	1.65312
2.1411	1.12068	2.30777	2.35411	1.11108	1.14901	1.66342
2.1472	1.12926	2.30202	2.36555	1.11555	1.15794	1.67323
2.1536	1.13617	2.30229	2.37804	1.11912	1.16566	1.68515
2.16	1.14168	2.30897	2.39132	1.12184	1.17196	1.69617
2.1664	1.14543	2.32165	2.40488	1.12368	1.17704	1.70594
2.1728	1.14766	2.33951	2.41799	1.12437	1.1808	1.71616
2.1792	1.14814	2.36122	2.4301	1.12435	1.18334	1.72419
2.1853	1.1469	2.38461	2.44067	1.12349	1.1846	1.7307
2.1917	1.14403	2.40824	2.44973	1.12176	1.18455	1.73745
2.1979	1.13965	2.43168	2.45722	1.11928	1.18291	1.74192
2.2045	1.13331	2.45425	2.46304	1.11588	1.1799	1.74491
2.2109	1.12625	2.4749	2.46737	1.112	1.17572	1.74757
2.2173	1.11817	2.49278	2.46987	1.10805	1.17032	1.74799
2.2235	1.10968	2.50787	2.47054	1.10405	1.16336	1.74732
2.2299	1.10098	2.52036	2.46939	1.10022	1.15584	1.74611
2.236	1.09298	2.53062	2.46686	1.09694	1.14797	1.74217
2.2424	1.08654	2.53832	2.46249	1.09437	1.14019	1.73772
2.2485	1.08216	2.54304	2.45686	1.09302	1.13286	1.73314
2.2549	1.08034	2.54477	2.4501	1.09277	1.12672	1.72611
2.2611	1.08128	2.54348	2.4426	1.09388	1.12222	1.71963
2.2675	1.08493	2.53971	2.43461	1.09642	1.11993	1.71328
2.2739	1.09117	2.53341	2.42697	1.10041	1.12005	1.70563
2.28	1.09961	2.52407	2.41999	1.1055	1.1226	1.70082
2.2864	1.10928	2.5119	2.41428	1.1117	1.12778	1.69657
2.2925	1.12002	2.49737	2.40986	1.1185	1.13489	1.69309
2.2989	1.1312	2.48143	2.40744	1.12558	1.1437	1.69325
2.3053	1.14229	2.46455	2.40725	1.13286	1.15344	1.69483
2.3115	1.15283	2.44721	2.40946	1.13988	1.16365	1.69783
2.3179	1.16255	2.43058	2.4142	1.14684	1.1741	1.70464
2.3243	1.17101	2.41587	2.42142	1.15321	1.18466	1.7125
2.3307	1.1784	2.40477	2.43073	1.15929	1.19446	1.72128
2.3371	1.18439	2.39828	2.44182	1.1645	1.20442	1.73226
2.3432	1.18915	2.39679	2.45414	1.16889	1.21318	1.7424
2.3496	1.19254	2.4003	2.46707	1.17265	1.22049	1.75268
2.3557	1.19468	2.40898	2.48042	1.17582	1.22681	1.76396
2.3621	1.19554	2.42265	2.494	1.17833	1.2323	1.77403
2.3685	1.19517	2.44049	2.50684	1.18012	1.23656	1.78291
2.3747	1.19345	2.46106	2.51913	1.18111	1.23992	1.79254
2.3811	1.19031	2.48297	2.52999	1.18122	1.24233	1.79959
2.3875	1.18594	2.50539	2.54021	1.18079	1.24361	1.8063
2.3936	1.18031	2.52791	2.54905	1.17966	1.2437	1.81297
2.4	1.17348	2.55	2.55668	1.17775	1.24257	1.81688
2.4061	1.1658	2.57079	2.563	1.17538	1.24049	1.82105
2.4125	1.15753	2.58959	2.56764	1.17247	1.2373	1.82437
2.4187	1.14885	2.60615	2.57066	1.16899	1.23307	1.82457
2.4251	1.14039	2.62081	2.57208	1.16507	1.22795	1.8258
2.4315	1.13216	2.63375	2.57211	1.16079	1.22192	1.82594
2.4376	1.12493	2.64487	2.57089	1.15659	1.21519	1.82332
2.444	1.1193	2.65359	2.56835	1.15271	1.20776	1.82161
2.4504	1.11561	2.65987	2.56455	1.14907	1.20007	1.818
2.4565	1.11432	2.66423	2.5596	1.14602	1.19223	1.81299
2.4629	1.11558	2.66686	2.55356	1.14368	1.1847	1.80807
2.4693	1.11909	2.66762	2.54617	1.14249	1.17782	1.80208
2.4757	1.12498	2.66593	2.5382	1.14236	1.17219	1.79501
2.4821	1.13265	2.66165	2.52981	1.14326	1.16822	1.78883
2.4883	1.14168	2.65529	2.52142	1.1453	1.16605	1.78153
2.4947	1.15166	2.64738	2.51318	1.14852	1.16573	1.7743
2.5008	1.16227	2.63747	2.50558	1.15269	1.16757	1.76908
2.5072	1.17283	2.62539	2.49879	1.15754	1.17153	1.76316
2.5136	1.18315	2.61121	2.49367	1.16326	1.177	1.75899
2.5197	1.19288	2.59564	2.48994	1.16958	1.18411	1.75738
2.5261	1.20393	2.57948	2.4882	1.17623	1.19219	1.75638
2.5336	1.21246	2.56305	2.48844	1.18291	1.20114	1.75818
2.5397	1.22017	2.5468	2.49066	1.18948	1.21074	1.76177
2.5461	1.22682	2.53145	2.49512	1.19602	1.22039	1.76639
2.5525	1.23244	2.51773	2.50147	1.20293	1.23004	1.7735
2.5589	1.23692	2.50687	2.50977	1.20873	1.23961	1.78181
2.5651	1.24063	2.49973	2.51968	1.214	1.24852	1.79032
2.5715	1.24328	2.49662	2.53074	1.21886	1.25696	1.80115
2.5779	1.24488	2.49769	2.54282	1.22314	1.2647	1.81123
2.5843	1.24556	2.50303	2.5552	1.22695	1.27167	1.82073
2.5904	1.2453	2.5129	2.56794	1.23071	1.27806	1.83172
2.5968	1.24401	2.52653	2.58047	1.23365	1.28385	1.84153
2.6029	1.24163	2.5431	2.59319	1.23608	1.28899	1.85023
2.6093	1.23825	2.56137	2.60553	1.23788	1.2933	1.85982
2.6155	1.2338	2.5811	2.61724	1.23926	1.29677	1.8679
2.6219	1.22832	2.60204	2.62825	1.24023	1.29942	1.87529
2.6283	1.22207	2.6236	2.63834	1.24069	1.30132	1.88291
2.6344	1.21509	2.64475	2.64717	1.24046	1.30251	1.88846
2.6408	1.20762	2.66483	2.65517	1.23957	1.30297	1.89392
2.6469	1.19975	2.6837	2.66211	1.23805	1.30274	1.89893
2.6533	1.19169	2.70159	2.66818	1.23612	1.30172	1.90242
2.6597	1.18357	2.71863	2.67299	1.2337	1.29994	1.90575
2.6659	1.17587	2.73441	2.6768	1.23086	1.29728	1.90876
2.6723	1.16886	2.74856	2.67946	1.22771	1.29401	1.90965
2.6784	1.16309	2.76084	2.68116	1.22434	1.28989	1.911
2.6848	1.15885	2.77186	2.68169	1.22054	1.28504	1.9114
2.6915	1.1563	2.78183	2.68099	1.21672	1.2794	1.90978
2.6979	1.15569	2.79039	2.67919	1.21282	1.27307	1.90947
2.7043	1.15711	2.79714	2.67635	1.20904	1.26639	1.90745
2.7104	1.16057	2.80205	2.67239	1.20534	1.25939	1.90392
2.7168	1.16588	2.80564	2.66757	1.20207	1.25238	1.90108
2.7232	1.17297	2.808	2.66181	1.19936	1.24541	1.89667
2.7296	1.1811	2.80898	2.65556	1.19721	1.2388	1.89126
2.7357	1.1902	2.80826	2.64875	1.19581	1.23261	1.88664
2.7424	1.19997	2.80578	2.64141	1.19537	1.22723	1.88012
2.7485	1.20989	2.80185	2.63368	1.1958	1.22297	1.87369
2.7549	1.22007	2.79675	2.62572	1.19719	1.21995	1.86832
2.7611	1.23005	2.79031	2.6179	1.19944	1.21841	1.86123
2.7675	1.23988	2.78199	2.61048	1.20253	1.21847	1.85526
2.7736	1.24937	2.77188	2.60383	1.20642	1.22019	1.85073
2.78	1.25838	2.76035	2.59806	1.21115	1.22344	1.84535
2.7864	1.26681	2.74816	2.59349	1.21636	1.2281	1.84149
2.7925	1.27458	2.73527	2.59021	1.22209	1.234	1.84009
2.7989	1.28144	2.72133	2.58836	1.22813	1.24103	1.8381
2.8051	1.28767	2.70682	2.58823	1.23442	1.24863	1.83913
2.8115	1.29318	2.69225	2.58973	1.24075	1.25717	1.84137
2.8179	1.29822	2.67854	2.593	1.24737	1.26601	1.84412
2.824	1.30229	2.66626	2.59767	1.2539	1.275	1.8498
2.8304	1.30568	2.65546	2.60391	1.26029	1.28427	1.85605
2.8365	1.30837	2.64636	2.61168	1.26626	1.29355	1.86235
2.8429	1.31022	2.6396	2.6209	1.27215	1.30254	1.87123
2.8493	1.31126	2.63608	2.63153	1.27744	1.31121	1.88037
2.8555	1.3117	2.63609	2.64311	1.28271	1.31946	1.88934
2.8619	1.31142	2.63908	2.65524	1.28762	1.32727	1.90006
2.8683	1.3104	2.64502	2.66785	1.29226	1.3346	1.90924
2.8747	1.30844	2.65388	2.68022	1.29655	1.3416	1.91882
2.8808	1.30572	2.66559	2.69288	1.3004	1.34809	1.92983
2.8872	1.30227	2.67999	2.70547	1.30387	1.35421	1.93836
2.8936	1.2983	2.69623	2.71792	1.30698	1.35973	1.94723
2.9	1.29334	2.71362	2.73017	1.30965	1.36443	1.95714
2.9061	1.28795	2.73149	2.742	1.31188	1.36874	1.96452
2.9125	1.28187	2.75014	2.75336	1.31389	1.37257	1.97222
2.9187	1.27501	2.76935	2.76385	1.3156	1.37596	1.98033
2.9251	1.26792	2.78845	2.77349	1.31695	1.37871	1.98611
2.9315	1.2606	2.80688	2.78263	1.31782	1.38091	1.99254
2.9376	1.25336	2.82599	2.79103	1.31841	1.38254	1.99922
2.944	1.24608	2.84294	2.79886	1.31853	1.38369	2.0033
2.9501	1.23887	2.85904	2.80561	1.31801	1.38457	2.00827
2.9565	1.2323	2.87462	2.81184	1.31719	1.38465	2.01257
2.9627	1.22617	2.88929	2.81729	1.31608	1.38414	2.01542
2.9691	1.22094	2.90288	2.82209	1.31461	1.38314	2.01878
2.9755	1.21685	2.9152	2.82591	1.31286	1.38148	2.02191
2.9816	1.21397	2.92601	2.82873	1.31085	1.37912	2.02264
2.988	1.21274	2.93617	2.83042	1.30843	1.37631	2.02474
2.9944	1.21297	2.94587	2.83134	1.30591	1.37303	2.02587
3.0005	1.21468	2.95432	2.83148	1.30282	1.36906	2.02515
3.0069	1.21777	2.9613	2.83088	1.29955	1.36484	2.02584
3.0133	1.22218	2.96699	2.82958	1.29618	1.36008	2.02389
3.0197	1.22766	2.97205	2.82743	1.29265	1.35484	2.02278
3.0259	1.2344	2.97643	2.82438	1.28908	1.34909	2.02015
3.0325	1.2419	2.97981	2.8206	1.28572	1.34305	2.01764
3.0387	1.24967	2.98154	2.81587	1.28259	1.33677	2.01514
3.0451	1.25781	2.98271	2.81036	1.27971	1.3305	2.01081
3.0512	1.26652	2.98275	2.80418	1.27711	1.32437	2.00638
3.0576	1.27543	2.98128	2.79772	1.27498	1.31824	2.00215
3.0637	1.28436	2.97865	2.79094	1.27328	1.31245	1.99643
3.0701	1.29315	2.97554	2.78398	1.27199	1.30721	1.99125
3.0765	1.30169	2.97163	2.77639	1.27139	1.30234	1.98565
3.0827	1.30979	2.96631	2.76879	1.27123	1.29829	1.97854
3.0891	1.31755	2.95945	2.76089	1.27187	1.29519	1.97351
3.0952	1.325	2.95162	2.75323	1.27311	1.29286	1.9676
3.1016	1.3319	2.94305	2.74582	1.27499	1.29158	1.96094
3.108	1.33848	2.93351	2.73881	1.27749	1.29139	1.9562
3.1141	1.34465	2.92275	2.73238	1.28056	1.29228	1.95061
3.1205	1.35031	2.91093	2.7266	1.28408	1.29434	1.94535
3.1267	1.35538	2.89835	2.72194	1.288	1.29747	1.94268
3.1331	1.35975	2.88548	2.71844	1.29227	1.30157	1.93928
3.1395	1.36371	2.87247	2.71611	1.29688	1.30646	1.93722
3.1456	1.3672	2.85919	2.71486	1.30187	1.31194	1.93674
3.152	1.37003	2.84578	2.71459	1.30685	1.31801	1.93582
3.1584	1.37254	2.83266	2.71549	1.31204	1.32455	1.93759
3.1648	1.37464	2.82038	2.71751	1.3173	1.33143	1.94022
3.1709	1.37622	2.80947	2.72063	1.32249	1.33871	1.94278
3.1773	1.37722	2.79982	2.72508	1.32789	1.34613	1.94725
3.1837	1.37758	2.79135	2.73073	1.33319	1.35367	1.95284
3.1901	1.37722	2.78435	2.73749	1.33809	1.36112	1.95785
3.1963	1.37639	2.77955	2.74536	1.34288	1.3687	1.96534
3.2027	1.37506	2.77731	2.754	1.34744	1.37594	1.97247
3.2088	1.37313	2.77755	2.7632	1.35201	1.38282	1.97894
3.2152	1.37078	2.77954	2.77282	1.35638	1.38946	1.98751
3.2216	1.36794	2.78339	2.78253	1.36063	1.39601	1.99515
3.2277	1.36473	2.78946	2.79271	1.3647	1.40221	2.00259
3.2341	1.3609	2.7976	2.80346	1.36854	1.40829	2.01199
3.2403	1.35637	2.80778	2.81414	1.37204	1.41413	2.01945
3.2467	1.35134	2.81906	2.82509	1.37524	1.41964	2.02715
3.2531	1.3458	2.83115	2.83577	1.37817	1.42508	2.03577
3.2592	1.33986	2.84419	2.84618	1.38143	1.42954	2.04276
3.2656	1.33371	2.85856	2.85635	1.38381	1.43372	2.04991
3.272	1.32723	2.87375	2.86633	1.38597	1.43771	2.05779
3.2781	1.32039	2.88904	2.87597	1.38798	1.44149	2.0635
3.2845	1.31356	2.90403	2.88514	1.38982	1.44485	2.07023
3.2907	1.30649	2.91891	2.89397	1.39137	1.44783	2.0767
3.2971	1.29967	2.93398	2.90219	1.3927	1.45049	2.0815
3.3035	1.29282	2.94905	2.90973	1.3937	1.45269	2.08794
3.3099	1.28619	2.96354	2.91703	1.39455	1.45462	2.09291
3.316	1.27986	2.97734	2.924	1.39526	1.45597	2.09686
3.3224	1.27407	2.99054	2.93076	1.3955	1.45712	2.10193
3.3288	1.2691	3.0036	2.93699	1.39548	1.45773	2.10603
3.3352	1.26487	3.01649	2.9426	1.39504	1.45815	2.1085
3.3413	1.26147	3.02857	2.94753	1.39435	1.45831	2.11325
3.3477	1.25906	3.03974	2.95154	1.39352	1.45813	2.11568
3.3539	1.25762	3.05025	2.9552	1.3926	1.45748	2.11762
3.3603	1.25704	3.0604	2.95828	1.39127	1.45625	2.12126
3.3667	1.25758	3.07042	2.96098	1.38972	1.45464	2.1226
3.3728	1.25912	3.07962	2.96314	1.38783	1.45275	2.12407
3.3792	1.26178	3.08781	2.96466	1.38576	1.45059	2.12601
3.3853	1.26538	3.09506	2.96567	1.38347	1.44809	2.12592
3.3917	1.26974	3.10198	2.96592	1.38082	1.44513	2.1268
3.3981	1.27495	3.10861	2.96546	1.37786	1.44177	2.128
3.4043	1.28083	3.11443	2.96439	1.37474	1.43809	2.12628
3.4107	1.28709	3.11923	2.96267	1.37159	1.43404	2.12608
3.4168	1.29387	3.12312	2.96046	1.36829	1.42951	2.12562
3.4232	1.30091	3.1267	2.95769	1.36503	1.42472	2.12331
3.4296	1.30844	3.12992	2.95458	1.36172	1.41966	2.12228
3.4357	1.31623	3.13257	2.95105	1.35848	1.41449	2.12059
3.4421	1.32393	3.13428	2.94694	1.35499	1.40895	2.11688
3.4485	1.33181	3.13496	2.94225	1.35144	1.40357	2.11526
3.4549	1.33968	3.1351	2.93705	1.34805	1.39783	2.11219
3.4613	1.34743	3.13503	2.9312	1.34486	1.39211	2.10787
3.4677	1.35497	3.1345	2.92504	1.34193	1.38636	2.10519
3.4739	1.36218	3.13277	2.91867	1.33911	1.38054	2.10062
3.4803	1.36924	3.1299	2.91213	1.33663	1.37502	2.09496
3.4864	1.37616	3.12668	2.90532	1.33431	1.36972	2.09155
3.4928	1.38274	3.12322	2.89861	1.3326	1.36472	2.08636
3.4992	1.3891	3.11906	2.89142	1.33122	1.36013	2.08084
3.5053	1.39508	3.11393	2.88412	1.33009	1.35612	2.0767
3.5117	1.40088	3.10772	2.87671	1.32947	1.35277	2.07089
3.5179	1.40641	3.10098	2.86934	1.32921	1.34982	2.06572
3.5243	1.41151	3.094	2.86234	1.3294	1.34742	2.06125
3.5304	1.41623	3.08667	2.85558	1.3301	1.34566	2.05534
3.5368	1.42037	3.07855	2.84916	1.33127	1.34448	2.05074
3.5432	1.42472	3.06937	2.8434	1.33297	1.34399	2.0472
3.5496	1.42849	3.05981	2.83792	1.33501	1.34445	2.04246
3.556	1.43196	3.04982	2.83361	1.3374	1.34561	2.03951
3.5621	1.43518	3.04005	2.82957	1.34005	1.34758	2.03639
3.5685	1.43794	3.03027	2.82635	1.34297	1.35014	2.03282
3.5747	1.44049	3.02007	2.82368	1.34617	1.35339	2.03181
3.5811	1.44261	3.00959	2.82185	1.34979	1.35711	2.03081
3.5875	1.44432	2.99902	2.82083	1.35372	1.36137	2.02958
3.5939	1.4458	2.98916	2.82079	1.3579	1.3659	2.03072
3.6	1.44682	2.98017	2.82187	1.36223	1.37113	2.03151
3.6064	1.44733	2.97148	2.82399	1.3668	1.37659	2.03254
3.6128	1.44765	2.96311	2.8269	1.37149	1.38267	2.03615
3.6192	1.44777	2.95559	2.83067	1.37618	1.38891	2.03854
3.6256	1.44755	2.94936	2.83512	1.38076	1.39526	2.04281
3.6317	1.44688	2.94449	2.84023	1.3855	1.40176	2.04812
3.6381	1.44601	2.94068	2.84619	1.39003	1.40836	2.05248
3.6443	1.44466	2.93773	2.85296	1.39462	1.41491	2.05824
3.6507	1.44289	2.93623	2.86037	1.39932	1.42162	2.06529
3.6571	1.4407	2.93666	2.86835	1.40415	1.42833	2.07079
3.6632	1.43815	2.93878	2.87713	1.40887	1.43492	2.07814
3.6696	1.43542	2.94202	2.88637	1.41367	1.4415	2.08626
3.6757	1.43234	2.9462	2.89579	1.41808	1.44803	2.09251
3.6821	1.42895	2.95145	2.90573	1.42223	1.45463	2.10104
3.6886	1.42524	2.95828	2.91575	1.42645	1.46098	2.1089
3.6947	1.4212	2.96679	2.92618	1.43062	1.46717	2.11544
3.7011	1.41686	2.97617	2.93624	1.43448	1.47308	2.12436
3.7072	1.41225	2.98619	2.94706	1.43827	1.47884	2.13247
3.7136	1.40763	2.99693	2.9576	1.44208	1.48451	2.13949
3.72	1.40274	3.00864	2.96839	1.44591	1.48995	2.14815
3.7261	1.39757	3.0214	2.97928	1.44963	1.49529	2.15564
3.7326	1.39257	3.03461	2.99001	1.45319	1.50051	2.16236
3.7387	1.38748	3.04792	3.00055	1.45638	1.50555	2.17105
3.7451	1.38238	3.06122	3.01081	1.45937	1.51052	2.17765
3.7515	1.37712	3.07491	3.02083	1.46245	1.51522	2.18456
3.7579	1.37221	3.08938	3.03064	1.46517	1.51972	2.19275
3.7643	1.36718	3.10381	3.04041	1.46791	1.52384	2.19863
3.7707	1.36259	3.11783	3.0499	1.47055	1.52761	2.20497
3.7768	1.35826	3.1316	3.05953	1.47309	1.5311	2.21222
3.7832	1.35433	3.14541	3.06893	1.47548	1.53439	2.21728
3.7893	1.35085	3.15943	3.07783	1.47765	1.53758	2.22357
3.7958	1.34795	3.17333	3.08628	1.47962	1.54061	2.23002
3.8022	1.34555	3.18668	3.09416	1.48129	1.54352	2.23528
3.8083	1.34359	3.19947	3.10192	1.4828	1.54614	2.24179
3.8147	1.34219	3.21201	3.1093	1.48426	1.5485	2.24634
3.8208	1.34136	3.22459	3.11648	1.48554	1.55063	2.25067
3.8272	1.34118	3.23714	3.12353	1.48676	1.55242	2.25669
3.8336	1.34168	3.24906	3.13022	1.48789	1.55409	2.2605
3.8398	1.34281	3.26012	3.13638	1.48878	1.55549	2.26402
3.8462	1.3446	3.27092	3.14236	1.48937	1.55683	2.26917
3.8525	1.34715	3.28163	3.14795	1.48973	1.55788	2.27194
3.8587	1.35039	3.29236	3.15302	1.49	1.55872	2.27597
3.8651	1.35391	3.30251	3.15762	1.49002	1.55928	2.27993
3.8712	1.35804	3.31176	3.16159	1.49004	1.55957	2.28189
3.8776	1.36277	3.32031	3.16542	1.49	1.55956	2.2848
3.884	1.36798	3.32863	3.16892	1.48979	1.55921	2.28813
3.8902	1.37345	3.33715	3.17228	1.4894	1.55874	2.28956
3.8965	1.37943	3.34512	3.17538	1.48876	1.55796	2.29225
3.903	1.38551	3.35215	3.17811	1.48802	1.55704	2.29436
3.9094	1.39188	3.3587	3.18019	1.48702	1.55585	2.29495
3.9158	1.39836	3.36516	3.18163	1.48571	1.55438	2.29701
3.9219	1.40512	3.37151	3.18264	1.48434	1.55275	2.29852
3.9286	1.41196	3.37759	3.18313	1.48301	1.55098	2.29852
3.9347	1.41896	3.38281	3.18338	1.48135	1.54884	2.30004
3.9411	1.42605	3.38726	3.18351	1.4795	1.54649	2.30055
3.9472	1.43308	3.39148	3.18324	1.47787	1.54396	2.2999
3.9536	1.43983	3.39563	3.18262	1.47622	1.54121	2.30077
3.96	1.44654	3.39942	3.18145	1.47429	1.53841	2.3001
3.9661	1.45322	3.40239	3.17986	1.47236	1.5353	2.29872
3.9726	1.45991	3.40477	3.17788	1.4704	1.53205	2.29897
3.9787	1.46658	3.4068	3.17537	1.46849	1.52882	2.29764
3.9851	1.47318	3.40873	3.17251	1.46657	1.52539	2.29566
3.9915	1.47964	3.41033	3.16938	1.46443	1.52188	2.29531
3.9976	1.48587	3.41115	3.16604	1.46224	1.51811	2.29267
4.004	1.49189	3.41114	3.16243	1.46012	1.51427	2.29075
4.0101	1.49758	3.41082	3.15877	1.45827	1.51043	2.28922
4.0166	1.5031	3.41035	3.15473	1.45643	1.50663	2.28575
4.0227	1.50865	3.40945	3.15047	1.45471	1.50285	2.28378
4.0291	1.51393	3.40786	3.14584	1.45302	1.49925	2.28136
4.0355	1.51918	3.40565	3.14078	1.45154	1.49556	2.27741
4.0427	1.5246	3.40302	3.13551	1.45007	1.49222	2.27463
4.0488	1.52907	3.40012	3.13037	1.44878	1.4887	2.27162
4.0552	1.5334	3.39711	3.12514	1.44776	1.48569	2.26725
4.0616	1.53751	3.39359	3.12014	1.44692	1.48265	2.26457
4.0678	1.54158	3.38925	3.11502	1.44621	1.47978	2.26082
4.0742	1.54536	3.38429	3.10997	1.44569	1.47726	2.25646
4.0803	1.54883	3.37933	3.1047	1.44545	1.47489	2.25364
4.0867	1.5521	3.3745	3.09938	1.44567	1.47297	2.24982
4.0928	1.55511	3.36906	3.09414	1.44603	1.47144	2.24552
4.0992	1.55785	3.3625	3.08916	1.44658	1.47015	2.2426
4.1056	1.56053	3.35561	3.08432	1.44737	1.46917	2.23896
4.112	1.56279	3.34899	3.07971	1.44848	1.46865	2.23534
4.1184	1.56502	3.3424	3.07563	1.4498	1.46866	2.23291
4.1248	1.56689	3.33546	3.07198	1.45111	1.46882	2.22918
4.131	1.56852	3.32804	3.0687	1.45267	1.46924	2.22629
4.1374	1.57011	3.3202	3.06582	1.45459	1.47014	2.22432
4.1438	1.57139	3.31257	3.06302	1.45677	1.47135	2.22138
4.1502	1.57228	3.30525	3.06064	1.45921	1.47281	2.21954
4.1563	1.57278	3.29793	3.05875	1.46182	1.47491	2.21865
4.1627	1.57309	3.29005	3.05732	1.46455	1.47737	2.21629
4.1688	1.57326	3.28206	3.05628	1.46729	1.48008	2.21574
4.1752	1.57328	3.27443	3.05596	1.47009	1.48307	2.21605
4.1816	1.57326	3.26749	3.05616	1.47307	1.48621	2.21482
4.1878	1.57286	3.26068	3.05706	1.47638	1.48966	2.21587
4.1942	1.57208	3.25381	3.05829	1.47979	1.49342	2.21637
4.2003	1.57118	3.24705	3.06016	1.48339	1.49733	2.21642
4.2067	1.56996	3.24099	3.06239	1.48722	1.50155	2.21926
4.2131	1.56847	3.23593	3.06477	1.49096	1.50598	2.22023
4.2192	1.56685	3.23142	3.06752	1.49471	1.51054	2.22182
4.2256	1.56499	3.22707	3.07089	1.4985	1.51535	2.22604
4.2318	1.56291	3.22301	3.0749	1.50204	1.52033	2.22823
4.2382	1.56058	3.21963	3.07929	1.50596	1.52529	2.23105
4.2446	1.5582	3.21753	3.08433	1.50975	1.53042	2.23554
4.2507	1.55542	3.21618	3.0898	1.51378	1.53533	2.2384
4.2571	1.55241	3.21519	3.09546	1.5177	1.54044	2.24276
4.2635	1.54916	3.21456	3.10115	1.52165	1.54571	2.24804
4.2699	1.54565	3.21472	3.10701	1.52554	1.55098	2.25117
4.2763	1.54201	3.21598	3.11335	1.52932	1.55628	2.25618
4.2827	1.53806	3.21829	3.11982	1.53315	1.56158	2.26177
4.2888	1.53389	3.221	3.12668	1.53691	1.56669	2.26571
4.2952	1.52953	3.22395	3.13375	1.54065	1.57183	2.27166
4.3016	1.52534	3.22756	3.14148	1.54439	1.57686	2.27768
4.3078	1.52111	3.23223	3.14922	1.54814	1.58193	2.2816
4.3142	1.5168	3.23787	3.15713	1.55176	1.58691	2.28825
4.3206	1.51219	3.24368	3.16521	1.55533	1.59211	2.29397
4.3267	1.50737	3.24966	3.17311	1.55883	1.59734	2.29804
4.3331	1.50251	3.25595	3.18061	1.56227	1.60223	2.30459
4.3392	1.49775	3.26288	3.18841	1.56564	1.6069	2.31011
4.3456	1.49311	3.27062	3.19633	1.56889	1.61147	2.31501
4.352	1.48853	3.27863	3.20458	1.57213	1.61604	2.32147
4.3582	1.48402	3.28661	3.21285	1.57515	1.6203	2.32651
4.3646	1.47961	3.29468	3.2211	1.5782	1.62459	2.33095
4.371	1.4752	3.3034	3.22917	1.58121	1.6287	2.33792
4.3771	1.47104	3.31289	3.23696	1.58431	1.63262	2.34269
4.3835	1.46676	3.3223	3.24463	1.58727	1.6367	2.34744
4.3896	1.46269	3.33142	3.25221	1.59003	1.64076	2.3539
4.396	1.45874	3.34054	3.25997	1.59276	1.64464	2.35806
4.4024	1.45508	3.34994	3.26782	1.59529	1.64833	2.36303
4.4086	1.45179	3.35995	3.27557	1.59747	1.65158	2.36878
4.415	1.44885	3.36991	3.28331	1.59972	1.65492	2.37256
4.4214	1.446	3.37954	3.29083	1.60201	1.65822	2.37773
4.4278	1.44363	3.38901	3.2981	1.60409	1.66121	2.38297
4.4342	1.44146	3.39836	3.30509	1.60614	1.66406	2.38599
4.4406	1.4398	3.40794	3.31173	1.60817	1.667	2.39133
4.4467	1.43831	3.41756	3.3185	1.61006	1.66982	2.39581
4.4531	1.43711	3.42695	3.32481	1.61176	1.67234	2.39889
4.4592	1.43622	3.43581	3.33086	1.61341	1.67467	2.40363
4.4656	1.43556	3.44462	3.33697	1.61491	1.67674	2.40732
4.472	1.43533	3.45371	3.34295	1.61625	1.67863	2.41004
4.4782	1.43551	3.46287	3.34891	1.61762	1.68046	2.41492
4.4846	1.43621	3.47154	3.35459	1.61908	1.68235	2.41794
4.4907	1.43729	3.47949	3.36003	1.62041	1.68421	2.42053
4.4971	1.43846	3.48734	3.36562	1.62148	1.68578	2.42461
4.5035	1.43977	3.49553	3.37033	1.62228	1.68728	2.42702
4.5096	1.44135	3.50375	3.37526	1.623	1.68855	2.42985
4.516	1.44327	3.51151	3.37987	1.62377	1.68982	2.43363
4.5224	1.44555	3.51847	3.38429	1.62427	1.69084	2.43517
4.5286	1.44813	3.52506	3.38841	1.62473	1.69143	2.43813
4.535	1.45114	3.532	3.3922	1.62508	1.69189	2.44099
4.5411	1.45438	3.53915	3.39559	1.62541	1.69238	2.44231
4.5475	1.4577	3.54572	3.39858	1.62552	1.69263	2.44457
4.5539	1.46115	3.55231	3.40119	1.62563	1.69293	2.44725
4.56	1.46491	3.55805	3.40377	1.6255	1.69305	2.44773
4.5664	1.46895	3.56352	3.40617	1.62537	1.69298	2.44976
4.5728	1.47283	3.56919	3.40847	1.62514	1.69266	2.45195
4.5792	1.47703	3.57481	3.41075	1.62474	1.69208	2.45219
4.5856	1.48113	3.58	3.41237	1.62413	1.69129	2.45368
4.592	1.48549	3.58448	3.41412	1.62346	1.69054	2.45547
4.5984	1.48993	3.58875	3.41556	1.62257	1.68974	2.455
4.6046	1.49466	3.59297	3.41641	1.62168	1.68878	2.45666
4.611	1.49952	3.59735	3.41701	1.62086	1.68782	2.45751
4.6171	1.50423	3.60141	3.41719	1.61991	1.68648	2.45679
4.6235	1.50874	3.60484	3.41726	1.61879	1.68464	2.45788
4.6299	1.51331	3.60771	3.41695	1.61737	1.68285	2.45781
4.636	1.51777	3.61053	3.41671	1.6158	1.68097	2.45872
4.6424	1.52239	3.61349	3.41639	1.61422	1.67893	2.45716
4.6486	1.52716	3.6165	3.41561	1.61253	1.67669	2.45739
4.655	1.53195	3.61878	3.41442	1.61075	1.67444	2.45773
4.6611	1.53671	3.62034	3.4128	1.60901	1.67183	2.45576
4.6675	1.54127	3.62175	3.41082	1.60714	1.66934	2.456
4.6739	1.54575	3.62349	3.40835	1.60512	1.66666	2.45528
4.68	1.55011	3.62509	3.40577	1.6031	1.664	2.453
4.6864	1.5543	3.62598	3.40303	1.60091	1.66116	2.45275
4.6926	1.55863	3.6261	3.40011	1.59854	1.65793	2.45158
4.699	1.56287	3.62629	3.39703	1.59617	1.65453	2.44874
4.7054	1.56709	3.62675	3.39399	1.59388	1.65094	2.44839
4.7115	1.57123	3.62704	3.39088	1.59123	1.64738	2.44604
4.7179	1.57519	3.6266	3.3872	1.58858	1.64385	2.44313
4.7243	1.57914	3.62534	3.3832	1.58595	1.64022	2.44259
4.7307	1.58294	3.62387	3.37865	1.58346	1.63662	2.43958
4.7368	1.58664	3.62273	3.37391	1.5809	1.63282	2.43622
4.7432	1.59006	3.62172	3.36907	1.57822	1.62903	2.43496
4.7496	1.59333	3.6199	3.36427	1.57539	1.62489	2.43122
4.7558	1.59661	3.61758	3.35948	1.57262	1.62073	2.42838
4.7622	1.59967	3.61494	3.35448	1.56982	1.61665	2.42638
4.7686	1.60284	3.6125	3.34925	1.56702	1.61271	2.42192
4.7747	1.6059	3.61013	3.34377	1.56424	1.60869	2.41932
4.7811	1.6087	3.60715	3.33787	1.56138	1.60467	2.41651
4.7872	1.6114	3.60343	3.3318	1.55867	1.60056	2.41184
4.7936	1.61389	3.59924	3.32573	1.55614	1.59658	2.40874
4.8	1.61619	3.59531	3.31945	1.5536	1.5924	2.40526
4.8062	1.61839	3.59145	3.31331	1.55102	1.58833	2.40035
4.8126	1.62053	3.58699	3.30691	1.54855	1.58433	2.39724
4.819	1.62263	3.58174	3.30088	1.54606	1.58031	2.39351
4.8251	1.6247	3.57626	3.29446	1.54363	1.57627	2.38838
4.8315	1.62651	3.57101	3.28819	1.54119	1.57248	2.38586
4.8376	1.62805	3.5659	3.28183	1.53878	1.56878	2.38128
4.844	1.62949	3.5602	3.2753	1.53651	1.56523	2.37601
4.8504	1.63074	3.5538	3.26869	1.53448	1.56174	2.37308
4.8566	1.632	3.54713	3.26202	1.53234	1.55842	2.36841
4.863	1.63306	3.54058	3.25558	1.53067	1.55515	2.36377
4.8694	1.63389	3.53431	3.2494	1.52896	1.55186	2.36092
4.8758	1.63471	3.5278	3.24355	1.52742	1.54871	2.35586
4.8819	1.63538	3.52071	3.2377	1.52601	1.54587	2.352
4.8886	1.63597	3.5132	3.23182	1.52471	1.54326	2.34881
4.895	1.63638	3.50576	3.22596	1.52325	1.54087	2.34342
4.9014	1.63671	3.49868	3.22015	1.52197	1.53816	2.33997
4.9075	1.63685	3.49143	3.21438	1.52081	1.53595	2.33717
4.9139	1.63671	3.48385	3.20884	1.51974	1.53402	2.33226
4.92	1.63643	3.47592	3.20371	1.5188	1.53217	2.3295
4.9264	1.636	3.46815	3.19885	1.51822	1.53047	2.32619
4.9328	1.63561	3.46063	3.19439	1.51783	1.52879	2.3219
4.939	1.63505	3.45338	3.18986	1.51749	1.52729	2.31926
4.9454	1.63438	3.44576	3.18554	1.5171	1.52607	2.31631
4.9515	1.63356	3.43769	3.18155	1.51684	1.52503	2.31245
4.9579	1.63255	3.4299	3.17769	1.51677	1.52441	2.31108
4.964	1.63134	3.42267	3.17393	1.51681	1.52404	2.30811
4.9704	1.62995	3.41566	3.17057	1.51694	1.52388	2.30516
4.9768	1.62846	3.40843	3.16753	1.51723	1.52383	2.30415
4.983	1.62695	3.4009	3.16472	1.51781	1.52387	2.30121
4.9894	1.62535	3.39382	3.16225	1.51845	1.52394	2.29928
4.9955	1.62341	3.38758	3.16022	1.51912	1.52429	2.29875
5.0019	1.62134	3.38152	3.15863	1.51996	1.52463	2.29657
5.0083	1.61933	3.37553	3.15701	1.52095	1.52539	2.29615
5.0144	1.61703	3.36928	3.15556	1.52194	1.52641	2.29544
5.0208	1.61456	3.36329	3.15442	1.52288	1.52768	2.29329
5.0272	1.61198	3.35815	3.15351	1.52412	1.52917	2.29389
5.0336	1.6092	3.35344	3.15304	1.52546	1.53074	2.29393
5.04	1.6064	3.34879	3.15309	1.52684	1.53235	2.29324
5.0464	1.60348	3.344	3.15341	1.52852	1.53404	2.2943
5.0526	1.60046	3.33958	3.15404	1.53032	1.5357	2.29474
5.059	1.59748	3.33598	3.15477	1.53218	1.53768	2.29439
5.0651	1.59433	3.33281	3.15565	1.53412	1.5399	2.29609
5.0715	1.59111	3.3297	3.15659	1.53602	1.54241	2.29723
5.0776	1.58769	3.32659	3.15801	1.53778	1.54503	2.29792
5.084	1.58423	3.32386	3.15954	1.53961	1.54782	2.30077
5.0904	1.58054	3.32197	3.1616	1.54177	1.55068	2.30128
5.0966	1.57685	3.32072	3.16406	1.54422	1.55358	2.30294
5.103	1.57319	3.31952	3.16679	1.54661	1.55646	2.30639
5.1091	1.56949	3.31816	3.16999	1.54894	1.55952	2.30776
5.1155	1.56567	3.31718	3.17325	1.55129	1.56271	2.31025
5.1219	1.56201	3.317	3.17674	1.55365	1.56587	2.31416
5.128	1.55832	3.31755	3.18021	1.55595	1.56924	2.31586
5.1344	1.55461	3.31823	3.18395	1.5585	1.57285	2.31933
5.1406	1.55071	3.31879	3.18794	1.56111	1.57658	2.32317
5.147	1.54668	3.31962	3.19216	1.56358	1.58028	2.32553
5.1534	1.54273	3.32122	3.19671	1.56611	1.58399	2.32956
5.1595	1.53856	3.32376	3.20155	1.56886	1.5876	2.3332
5.1659	1.5347	3.32655	3.2066	1.57176	1.59109	2.33609
5.1723	1.53083	3.32912	3.21175	1.57455	1.59476	2.34098
5.1787	1.5274	3.33179	3.21691	1.57733	1.59848	2.34441
5.1851	1.52369	3.33514	3.22202	1.57996	1.60228	2.34777
5.1915	1.52016	3.33926	3.22721	1.5827	1.60628	2.35322
5.1976	1.51665	3.34375	3.23281	1.58539	1.61029	2.35687
5.204	1.51316	3.34815	3.23872	1.58805	1.61427	2.36072
5.2102	1.50969	3.35255	3.24479	1.59077	1.61808	2.36645
5.2166	1.50627	3.35749	3.25097	1.59353	1.62171	2.3699
5.223	1.50322	3.36313	3.25721	1.59634	1.62554	2.37457
5.2291	1.50043	3.36931	3.2635	1.5992	1.62933	2.37959
5.2355	1.49779	3.37528	3.26989	1.60199	1.63332	2.38382
5.2416	1.4952	3.38117	3.27618	1.60464	1.63713	2.3888
5.248	1.49258	3.3874	3.28289	1.60727	1.64115	2.39411
5.2544	1.49022	3.3943	3.2892	1.60977	1.64508	2.39766
5.2606	1.48787	3.40163	3.2961	1.61232	1.64886	2.40325
5.267	1.48577	3.4088	3.30298	1.61498	1.65266	2.40846
5.2734	1.48386	3.41591	3.31009	1.61768	1.6563	2.4117
5.2795	1.48212	3.4232	3.31733	1.62041	1.6599	2.41752
5.2859	1.48068	3.43117	3.32454	1.62304	1.66335	2.42253
5.2923	1.47934	3.43944	3.33149	1.62555	1.66689	2.42652
5.2984	1.47824	3.44745	3.33826	1.62792	1.67047	2.43217
5.3048	1.47719	3.45512	3.34494	1.6305	1.67411	2.43683
5.3112	1.47625	3.46306	3.35173	1.6328	1.67767	2.44052
5.3174	1.47577	3.47159	3.35862	1.63514	1.68105	2.44659
5.3238	1.4753	3.48049	3.36588	1.63745	1.68435	2.45054
5.3302	1.47505	3.48907	3.37315	1.63984	1.68768	2.45485
5.3366	1.47487	3.49733	3.3803	1.64229	1.6909	2.46089
5.343	1.47504	3.50565	3.38736	1.6447	1.69408	2.46398
5.3494	1.47544	3.51451	3.39413	1.64702	1.69731	2.4686
5.3555	1.47607	3.52375	3.40088	1.64916	1.70049	2.47451
5.3619	1.47679	3.53301	3.40774	1.65112	1.7035	2.47773
5.368	1.47753	3.54175	3.41466	1.65304	1.70649	2.48261
5.3744	1.47843	3.55013	3.42174	1.65508	1.70961	2.48763
5.3806	1.47942	3.55886	3.42867	1.65705	1.71261	2.49048
5.387	1.48061	3.56803	3.43566	1.65912	1.71527	2.49589
5.3934	1.48221	3.57713	3.44249	1.6613	1.71789	2.50047
5.3995	1.48399	3.58591	3.44928	1.66332	1.7203	2.50318
5.4059	1.48587	3.59407	3.456	1.66508	1.72279	2.50845
5.412	1.48794	3.60254	3.4625	1.6667	1.72534	2.51286
5.4184	1.49025	3.61142	3.46856	1.66836	1.72784	2.51605
5.4248	1.49263	3.6201	3.47459	1.66995	1.73025	2.52099
5.431	1.49489	3.62838	3.4807	1.67146	1.73257	2.5248
5.4374	1.49746	3.63642	3.48685	1.67318	1.73472	2.52792
5.4435	1.50033	3.64453	3.49303	1.67459	1.73683	2.53308
5.4499	1.50327	3.65306	3.49928	1.67598	1.73877	2.53647
5.4563	1.5064	3.66148	3.50534	1.67761	1.74053	2.53915
5.4624	1.5096	3.66946	3.5112	1.67895	1.74256	2.54439
5.4688	1.51291	3.67714	3.5166	1.68025	1.74452	2.54703
5.4752	1.51653	3.68501	3.52191	1.6815	1.74633	2.55057
5.4816	1.52015	3.69319	3.52692	1.68262	1.74808	2.55485
5.488	1.52391	3.70127	3.53213	1.68361	1.74981	2.55741
5.4944	1.52758	3.7089	3.53727	1.68449	1.75132	2.56098
5.5006	1.53142	3.71592	3.54258	1.6855	1.75259	2.56521
5.507	1.53533	3.72309	3.5477	1.6865	1.75385	2.56719
5.5134	1.5394	3.73088	3.55249	1.68738	1.75508	2.5708
5.5195	1.54363	3.73852	3.55696	1.68826	1.75627	2.57466
5.5259	1.5479	3.74561	3.56131	1.68918	1.75734	2.57594
5.532	1.55238	3.75209	3.56548	1.68987	1.75851	2.58013
5.5384	1.55683	3.75857	3.5697	1.69033	1.75956	2.58331
5.5448	1.56123	3.76545	3.57363	1.69078	1.76067	2.5847
5.551	1.56561	3.77259	3.5776	1.69138	1.76164	2.58839
5.5574	1.57003	3.77913	3.58147	1.69191	1.76234	2.59072
5.5635	1.57454	3.78508	3.58548	1.69251	1.76278	2.59227
5.5699	1.5792	3.79101	3.58923	1.69291	1.76318	2.59616
5.5763	1.58407	3.79712	3.59267	1.6932	1.76366	2.59818
5.5824	1.58899	3.80341	3.59576	1.69336	1.76399	2.59932
5.5888	1.59383	3.80922	3.59873	1.69346	1.76438	2.603
5.595	1.59841	3.81451	3.60118	1.69357	1.76469	2.60416
5.6014	1.603	3.81957	3.60366	1.69352	1.765	2.6064
5.6078	1.60786	3.825	3.6063	1.69345	1.76504	2.6093
5.6139	1.61247	3.83069	3.6091	1.69335	1.76493	2.61136
5.6203	1.61736	3.83619	3.61169	1.69335	1.76469	2.61312
5.6267	1.62219	3.84104	3.61397	1.69321	1.76432	2.61346
5.6331	1.62716	3.8456	3.61608	1.69273	1.76396	2.61669
5.6395	1.6321	3.8503	3.61801	1.69235	1.76352	2.61764
5.6456	1.63709	3.85534	3.61954	1.69206	1.76312	2.61828
5.652	1.64182	3.86014	3.62099	1.69181	1.76276	2.62137
5.6584	1.64625	3.86424	3.62231	1.69148	1.76234	2.62206
5.6646	1.65048	3.86782	3.62375	1.691	1.76174	2.6226
5.671	1.65512	3.87182	3.62515	1.69032	1.76093	2.62501
5.6771	1.65991	3.87617	3.62643	1.68947	1.76001	2.62534
5.6835	1.66447	3.8803	3.62746	1.6886	1.75891	2.62636
5.6899	1.66913	3.88393	3.6283	1.68791	1.75777	2.6288
5.696	1.67379	3.88697	3.6289	1.68719	1.75657	2.62819
5.7024	1.67839	3.89007	3.62929	1.68649	1.75533	2.62946
5.7086	1.68277	3.89336	3.62929	1.68563	1.75418	2.63093
5.715	1.68694	3.89667	3.62931	1.68473	1.75306	2.63049
5.7214	1.69108	3.89933	3.62917	1.68371	1.75183	2.63135
5.7275	1.69521	3.90124	3.62918	1.68267	1.75051	2.63255
5.7339	1.69938	3.90354	3.62921	1.68152	1.7489	2.63176
5.74	1.70347	3.90646	3.6291	1.6803	1.7473	2.63302
5.7464	1.70769	3.90927	3.62883	1.67919	1.74564	2.63341
5.7528	1.71176	3.91128	3.62834	1.67809	1.7439	2.63234
5.759	1.71571	3.91279	3.62735	1.67699	1.74226	2.63351
5.7654	1.71972	3.9143	3.62614	1.67568	1.74071	2.6332
5.7718	1.72346	3.91622	3.62498	1.67448	1.73902	2.63238
5.7782	1.72735	3.9182	3.6238	1.67316	1.73717	2.63329
5.7846	1.73086	3.91968	3.62266	1.67188	1.73531	2.63237
5.791	1.73435	3.92052	3.6215	1.67041	1.73329	2.63151
5.7974	1.73779	3.92137	3.62001	1.66894	1.73112	2.63244
5.8035	1.74134	3.92248	3.61802	1.66745	1.72897	2.6312
5.8099	1.74487	3.92354	3.61645	1.66621	1.72688	2.63045
5.816	1.74835	3.92418	3.61449	1.66487	1.72481	2.63084
5.8224	1.75178	3.92422	3.61234	1.66354	1.72285	2.62883
5.8286	1.75486	3.92415	3.61005	1.66226	1.72073	2.62836
5.835	1.75775	3.92436	3.60779	1.66094	1.71881	2.62866
5.8414	1.76059	3.92477	3.60548	1.65946	1.71664	2.62625
5.8475	1.76349	3.9247	3.6032	1.6579	1.71457	2.62609
5.8539	1.76643	3.92394	3.60063	1.65644	1.71239	2.62539
5.86	1.76932	3.92319	3.59834	1.65506	1.71032	2.62327
5.8664	1.77227	3.92281	3.59576	1.65388	1.70809	2.62348
5.8728	1.77495	3.92259	3.59335	1.6528	1.70585	2.62214
5.879	1.77749	3.92195	3.59081	1.65159	1.70379	2.61965
5.8854	1.7799	3.92073	3.58801	1.65026	1.70193	2.61952
5.8915	1.78212	3.91925	3.58494	1.6489	1.69994	2.61802
5.8979	1.78431	3.91808	3.58171	1.64772	1.69803	2.61595
5.9043	1.78662	3.91721	3.57864	1.64645	1.69603	2.61589
5.9104	1.78889	3.91607	3.57568	1.64521	1.69407	2.61387
5.9168	1.79111	3.914	3.57283	1.64396	1.69211	2.61126
5.9232	1.79313	3.91167	3.57015	1.64289	1.69009	2.61142
5.9296	1.79522	3.90975	3.56726	1.64193	1.68805	2.60872
5.936	1.79715	3.90816	3.56412	1.6411	1.68631	2.60714
5.9424	1.7989	3.9065	3.56079	1.64041	1.68483	2.60714
5.9486	1.80051	3.90408	3.55743	1.63955	1.68337	2.60443
5.955	1.80201	3.90117	3.55432	1.63872	1.6816	2.60247
5.9611	1.80341	3.89857	3.55141	1.63789	1.68005	2.60198
5.9675	1.80486	3.89629	3.54861	1.63702	1.67852	2.59923
5.9739	1.80632	3.8939	3.54608	1.63634	1.6772	2.59822
5.98	1.8076	3.89088	3.54333	1.63565	1.67577	2.5972
5.9864	1.80894	3.88732	3.54037	1.63517	1.67449	2.59527
5.9926	1.81025	3.88407	3.53746	1.6348	1.67325	2.59387
5.999	1.81122	3.88132	3.53463	1.63441	1.67214	2.59162
6.0054	1.81196	3.87865	3.53156	1.63404	1.67126	2.59091
6.0115	1.81271	3.87543	3.52861	1.6338	1.67048	2.58897
6.0179	1.81339	3.87171	3.52555	1.63332	1.66967	2.58688
6.0243	1.81394	3.86812	3.52294	1.63301	1.66899	2.58688
6.0304	1.81451	3.86504	3.52057	1.63294	1.66839	2.58499
6.0368	1.81516	3.86212	3.51839	1.6329	1.66769	2.58322
6.043	1.81577	3.85894	3.51638	1.63295	1.66721	2.58317
6.0494	1.81609	3.85527	3.51433	1.63317	1.66678	2.58086
6.0555	1.81627	3.85168	3.51217	1.63347	1.66652	2.57958
6.0619	1.81633	3.84866	3.50993	1.63375	1.66648	2.5796
6.0683	1.81649	3.84591	3.50786	1.63402	1.66661	2.57774
6.0747	1.81635	3.84284	3.50602	1.63424	1.66654	2.57727
6.0811	1.81623	3.83932	3.50463	1.63451	1.66657	2.57738
6.0875	1.81621	3.8358	3.50366	1.6351	1.66662	2.57513
6.0936	1.81603	3.83276	3.50257	1.63574	1.66675	2.5755
6.1003	1.81565	3.83003	3.50154	1.63646	1.66699	2.57554
6.1064	1.81529	3.82711	3.50049	1.63735	1.66751	2.57339
6.1128	1.81495	3.82375	3.4995	1.63836	1.66818	2.57393
6.119	1.81456	3.8204	3.49837	1.63919	1.66866	2.57349
6.1254	1.81395	3.81764	3.49763	1.63988	1.6694	2.57246
6.1318	1.8131	3.81532	3.49707	1.64058	1.67025	2.57357
6.1379	1.8123	3.81286	3.49683	1.64149	1.67111	2.57318
6.1443	1.81156	3.81001	3.49664	1.6426	1.67214	2.57197
6.1504	1.81087	3.80712	3.49696	1.6438	1.67312	2.57308
6.1568	1.81013	3.80472	3.49713	1.64527	1.6742	2.57279
6.163	1.80915	3.80294	3.49747	1.64658	1.67513	2.57246
6.1694	1.80804	3.80107	3.49776	1.64777	1.67624	2.57421
6.1758	1.80682	3.79875	3.49801	1.64911	1.67734	2.57366
6.1819	1.80538	3.79627	3.49822	1.65037	1.67868	2.5742
6.1883	1.80391	3.79462	3.49873	1.65179	1.68018	2.57575
6.1947	1.80243	3.79347	3.49982	1.65311	1.68186	2.57536
6.2008	1.80096	3.79233	3.50118	1.65458	1.68359	2.5766
6.2072	1.79956	3.79105	3.50272	1.65611	1.68527	2.57791
6.2134	1.79806	3.78955	3.50417	1.65789	1.6868	2.5774
6.2198	1.79645	3.78853	3.50568	1.65961	1.68824	2.57966
6.2262	1.79473	3.78808	3.50736	1.66143	1.69002	2.58116
6.2326	1.79303	3.78781	3.50874	1.6632	1.69185	2.58211
6.2387	1.79127	3.78709	3.51053	1.66498	1.69386	2.58333
6.2451	1.78928	3.78618	3.51251	1.66672	1.69604	2.58389
6.2515	1.78738	3.7858	3.51484	1.66849	1.69818	2.58656
6.2576	1.7855	3.78606	3.51736	1.6703	1.7003	2.58748
6.264	1.78362	3.78667	3.51989	1.67232	1.70233	2.58849
6.2702	1.78156	3.78694	3.52233	1.6744	1.70455	2.59153
6.2766	1.77961	3.78693	3.52486	1.67663	1.70679	2.59261
6.283	1.77764	3.78733	3.52735	1.67885	1.70903	2.59417
6.2891	1.77545	3.78838	3.53008	1.68093	1.71153	2.59729
6.2955	1.77314	3.78966	3.53265	1.683	1.71413	2.59829
6.3016	1.77092	3.79072	3.53556	1.68518	1.71672	2.60062
6.308	1.76886	3.7915	3.53838	1.68721	1.71932	2.6036
6.3144	1.76666	3.79257	3.54158	1.68948	1.72203	2.60473
6.3206	1.76466	3.79428	3.54502	1.69182	1.72457	2.6073
6.327	1.76272	3.79636	3.54847	1.69436	1.72718	2.61035
6.3331	1.76055	3.79821	3.55211	1.69689	1.72991	2.61163
6.3395	1.75829	3.79969	3.55579	1.69944	1.73283	2.61485
6.3459	1.75593	3.8011	3.55912	1.70186	1.73567	2.618
6.352	1.7536	3.80322	3.5626	1.70431	1.73849	2.61897
6.3584	1.75154	3.80598	3.56633	1.70691	1.74153	2.62283
6.3648	1.74946	3.80854	3.57037	1.70941	1.74477	2.62563
6.3712	1.74731	3.81053	3.57455	1.71178	1.74788	2.62758
6.3774	1.74534	3.81269	3.57894	1.71419	1.75089	2.63203
6.3838	1.74351	3.8155	3.58331	1.71684	1.75386	2.63425
6.3902	1.7415	3.81871	3.58753	1.71951	1.75684	2.63618
6.3963	1.73948	3.82188	3.59168	1.72234	1.7601	2.6408
6.4027	1.73742	3.8245	3.59592	1.72504	1.76353	2.64283
6.4088	1.73536	3.82732	3.60035	1.72773	1.76707	2.64564
6.4152	1.73343	3.83061	3.60482	1.73043	1.77053	2.65013
6.4216	1.73166	3.83455	3.60973	1.73312	1.77391	2.65224
6.4278	1.72988	3.83824	3.61476	1.73602	1.77732	2.65531
6.4342	1.72829	3.84186	3.61972	1.7389	1.78087	2.6596
6.4406	1.72686	3.84504	3.62496	1.74181	1.78439	2.6616
6.4467	1.72527	3.84883	3.63017	1.74477	1.78785	2.66542
6.4531	1.72351	3.85328	3.63528	1.74773	1.79115	2.67022
6.4592	1.72189	3.85775	3.64008	1.7506	1.79475	2.67188
6.4656	1.72042	3.86179	3.64515	1.75345	1.79835	2.67627
6.4718	1.71912	3.8655	3.65014	1.7563	1.80211	2.68
6.4782	1.71794	3.86966	3.65526	1.75916	1.80592	2.68247
6.4846	1.71684	3.87434	3.66068	1.76239	1.80964	2.68693
6.491	1.71577	3.87918	3.66639	1.7652	1.81325	2.69027
6.4971	1.71488	3.88365	3.67218	1.76821	1.81692	2.69307
6.5035	1.71384	3.88781	3.67797	1.77127	1.8205	2.69812
6.5099	1.71291	3.89231	3.68353	1.77423	1.82425	2.70176
6.516	1.71215	3.89754	3.68896	1.77721	1.82792	2.70443
6.5227	1.71133	3.90293	3.69439	1.78028	1.8319	2.70956
6.5288	1.71067	3.90801	3.69986	1.78343	1.83578	2.71283
6.5352	1.71018	3.9132	3.70571	1.78649	1.83949	2.71601
6.5414	1.70967	3.91791	3.71183	1.78951	1.84332	2.72127
6.5478	1.70943	3.92265	3.71791	1.79252	1.84692	2.72428
6.5539	1.70924	3.92835	3.72392	1.79546	1.85073	2.72775
6.5603	1.7091	3.93449	3.72977	1.79827	1.85457	2.73321
6.5667	1.70895	3.94041	3.7357	1.8012	1.85846	2.73625
6.5728	1.70866	3.9458	3.74155	1.80417	1.86233	2.7396
6.5792	1.70848	3.9511	3.7476	1.80725	1.86631	2.74494
6.5856	1.70848	3.95696	3.75337	1.81049	1.87017	2.74742
6.5918	1.70866	3.96342	3.75968	1.81363	1.87393	2.75151
6.5982	1.70899	3.96961	3.76575	1.81656	1.87791	2.75665
6.6046	1.70926	3.97544	3.77208	1.8195	1.88184	2.75926
6.6107	1.70961	3.9811	3.77857	1.82234	1.88567	2.76371
6.6171	1.71	3.98726	3.78512	1.82515	1.88945	2.76881
6.6235	1.71044	3.99397	3.7917	1.82802	1.89311	2.7714
6.6296	1.71091	4.00065	3.79816	1.83098	1.8967	2.77638
6.636	1.71137	4.00681	3.80453	1.83408	1.90038	2.78062
6.6422	1.71193	4.01264	3.81061	1.83704	1.904	2.78327
6.6488	1.71263	4.01886	3.81678	1.84006	1.90777	2.78868
6.655	1.71354	4.02565	3.82414	1.84305	1.91161	2.79267
6.6614	1.71446	4.03257	3.83039	1.84593	1.91543	2.79573
6.6678	1.71557	4.0391	3.83623	1.84879	1.91914	2.80116
6.6742	1.71658	4.04527	3.8425	1.85179	1.92264	2.80452
6.6806	1.71765	4.05172	3.84884	1.85461	1.92612	2.80807
6.6867	1.71851	4.05863	3.85539	1.85739	1.92968	2.81359
6.6934	1.71963	4.0658	3.86191	1.8599	1.93325	2.81646
6.6995	1.72086	4.07252	3.86843	1.86265	1.93676	2.8201
6.7059	1.72212	4.07875	3.87475	1.86535	1.9404	2.82579
6.7123	1.72321	4.08522	3.88088	1.86815	1.94402	2.82865
6.7184	1.72434	4.09228	3.88689	1.87102	1.94748	2.83238
6.7248	1.72565	4.09968	3.89299	1.87381	1.95093	2.83736
6.731	1.72698	4.10663	3.89934	1.87664	1.95437	2.83968
6.7374	1.72858	4.11316	3.90573	1.87942	1.95787	2.84381
6.7435	1.73029	4.11962	3.91237	1.88216	1.961	2.84894
6.7499	1.73174	4.12659	3.919	1.88471	1.96432	2.85139
6.7563	1.73329	4.13399	3.92553	1.88698	1.96754	2.85619
6.7624	1.73485	4.14104	3.93201	1.88942	1.97095	2.86051
6.7688	1.73636	4.14764	3.93842	1.89206	1.97434	2.86299
6.7752	1.73815	4.15427	3.94505	1.8948	1.97777	2.86794
6.7814	1.73992	4.16118	3.95115	1.89745	1.98112	2.87184
6.7878	1.74185	4.16857	3.95752	1.90003	1.98429	2.87432
6.7942	1.74396	4.17541	3.96343	1.90242	1.9874	2.87921
6.8003	1.7461	4.18173	3.96979	1.9046	1.99037	2.88303
6.8067	1.74802	4.18801	3.97564	1.90695	1.99326	2.88548
6.8131	1.74986	4.19473	3.98185	1.90926	1.99613	2.89077
6.8195	1.75184	4.20202	3.988	1.91159	1.99905	2.89389
6.8256	1.75385	4.2092	3.99448	1.91393	2.00195	2.89654
6.832	1.75588	4.21576	4.00079	1.91623	2.00497	2.90142
6.8384	1.75797	4.22188	4.00686	1.91854	2.00789	2.90429
6.8448	1.76031	4.22838	4.0127	1.9208	2.01069	2.90748
6.8512	1.7626	4.23559	4.01834	1.92319	2.01338	2.91222
6.8576	1.76495	4.24273	4.02399	1.9255	2.01591	2.91411
6.864	1.76736	4.24919	4.02943	1.92765	2.01862	2.91829
6.8702	1.76987	4.25523	4.03513	1.92973	2.02125	2.92258
6.8768	1.7724	4.26161	4.04092	1.93181	2.0239	2.92462
6.883	1.77492	4.26845	4.04694	1.93367	2.02659	2.92882
6.8894	1.77751	4.2754	4.05279	1.93555	2.02927	2.93247
6.8955	1.78009	4.28184	4.05845	1.93754	2.03182	2.93444
6.9019	1.78251	4.28775	4.06379	1.93958	2.03437	2.93869
6.9083	1.78511	4.29373	4.06909	1.94161	2.03683	2.94224
6.9144	1.7879	4.3003	4.07434	1.94368	2.03914	2.94414
6.9208	1.79064	4.307	4.0792	1.94564	2.04154	2.94842
6.927	1.79338	4.31309	4.08437	1.94748	2.04383	2.95137
6.9334	1.79625	4.31865	4.08955	1.94911	2.04584	2.95357
6.9398	1.79919	4.32428	4.09475	1.95076	2.04796	2.95842
6.9459	1.80205	4.33051	4.0999	1.95237	2.05012	2.96062
6.9523	1.80485	4.33701	4.10496	1.95409	2.0522	2.9628
6.9587	1.80764	4.3429	4.10992	1.95587	2.05432	2.96727
6.9651	1.81045	4.34823	4.11478	1.95772	2.05631	2.96909
6.9712	1.81331	4.35365	4.11958	1.95929	2.05837	2.9717
6.9776	1.81634	4.3597	4.12405	1.96098	2.06056	2.9757
6.9838	1.81969	4.36599	4.12872	1.96267	2.06224	2.97739
6.9902	1.82282	4.37175	4.13289	1.9643	2.06402	2.98045
6.9966	1.826	4.37684	4.13713	1.96588	2.06565	2.98414
7.003	1.82912	4.38178	4.14138	1.96715	2.06729	2.98534
7.0091	1.83219	4.3874	4.14583	1.96828	2.06904	2.98859
7.0158	1.83532	4.39333	4.15024	1.96954	2.07087	2.99205
7.0219	1.83839	4.39879	4.15471	1.97087	2.0727	2.99319
7.0283	1.84162	4.40368	4.15896	1.97222	2.07433	2.99672
7.0347	1.8448	4.40867	4.16288	1.97343	2.07579	2.99976
7.0411	1.84803	4.41394	4.1666	1.97472	2.07711	3.00052
7.0475	1.85101	4.41954	4.17019	1.9761	2.07834	3.00385
7.0539	1.85443	4.42482	4.17382	1.97736	2.07971	3.00616
7.0603	1.85772	4.42945	4.17753	1.97865	2.081	3.00737
7.0664	1.861	4.43368	4.18121	1.97995	2.08217	3.01117
7.0731	1.86434	4.43831	4.185	1.98104	2.0835	3.01301
7.0792	1.86773	4.44333	4.18855	1.98202	2.08475	3.01422
7.0856	1.87111	4.44813	4.1919	1.98292	2.08611	3.01775
7.0918	1.87438	4.45249	4.19497	1.9837	2.08733	3.01902
7.0982	1.87741	4.45653	4.19786	1.98451	2.08843	3.02056
7.1046	1.88061	4.46081	4.20055	1.98526	2.08943	3.02426
7.1107	1.8838	4.4657	4.20324	1.98616	2.09041	3.02493
7.1171	1.88684	4.47036	4.20611	1.9872	2.09126	3.02689
7.1235	1.89018	4.47448	4.20896	1.98804	2.09196	3.02986
7.1296	1.89356	4.47836	4.21164	1.98881	2.09248	3.03006
7.136	1.89699	4.48225	4.21437	1.98952	2.09309	3.03264
7.1422	1.9003	4.48658	4.21698	1.98998	2.09388	3.03525
7.1486	1.90355	4.49081	4.21974	1.9905	2.09462	3.03554
7.155	1.90675	4.49463	4.22233	1.99105	2.09532	3.03805
7.1611	1.9098	4.49796	4.22498	1.99178	2.09602	3.04002
7.1675	1.91278	4.50143	4.22725	1.99234	2.09656	3.04
7.1739	1.91601	4.50541	4.2295	1.99295	2.09699	3.04236
7.18	1.91927	4.50951	4.23146	1.99343	2.09725	3.04428
7.1864	1.92255	4.5131	4.23292	1.99383	2.09766	3.04432
7.1928	1.92582	4.51613	4.23458	1.99412	2.098	3.04699
7.1992	1.92911	4.51911	4.23622	1.99452	2.09826	3.04784
7.2054	1.93227	4.52262	4.23801	1.99476	2.09852	3.04794
7.2118	1.93559	4.52646	4.23998	1.99507	2.09874	3.05067
7.2182	1.9386	4.52976	4.24186	1.99518	2.09901	3.05169
7.2246	1.94175	4.53232	4.24366	1.99535	2.09923	3.0521
7.231	1.94468	4.53479	4.24507	1.99549	2.09918	3.05465
7.2371	1.94742	4.53793	4.24603	1.99565	2.09916	3.05503
7.2435	1.95007	4.54124	4.24675	1.99575	2.0991	3.05526
7.2496	1.95298	4.54428	4.24766	1.99586	2.09895	3.05784
7.256	1.95606	4.54661	4.24858	1.99614	2.09865	3.05749
7.2624	1.95914	4.54883	4.24962	1.99622	2.09845	3.05833
7.2686	1.96191	4.55151	4.25059	1.99622	2.09803	3.0606
7.275	1.96454	4.55443	4.25174	1.99607	2.09776	3.05975
7.2814	1.96729	4.55699	4.2527	1.99571	2.09741	3.06082
7.2875	1.96999	4.55879	4.25341	1.99532	2.09695	3.06244
7.2939	1.97269	4.56043	4.2539	1.99503	2.09661	3.06156
7.3003	1.97539	4.56254	4.25412	1.99479	2.09635	3.06287
7.3064	1.97813	4.565	4.2542	1.9946	2.09595	3.06428
7.3128	1.981	4.56702	4.25447	1.99445	2.09539	3.06253
7.319	1.98371	4.56843	4.25449	1.99426	2.09459	3.06421
7.3254	1.98635	4.56962	4.25461	1.99392	2.09374	3.06494
7.3318	1.98885	4.57118	4.25479	1.9935	2.09291	3.06386
7.3379	1.99116	4.57312	4.25483	1.99288	2.09212	3.06564
7.3443	1.99349	4.57484	4.2549	1.99218	2.09126	3.06556
7.3507	1.99578	4.57588	4.25493	1.99153	2.09043	3.0647
7.3568	1.99825	4.57659	4.25484	1.99092	2.08973	3.06647
7.3632	2.00077	4.57776	4.25449	1.99049	2.08884	3.06581
7.3696	2.00305	4.57944	4.25378	1.98989	2.08787	3.06492
7.376	2.00558	4.58104	4.25292	1.98941	2.08676	3.06661
7.3824	2.008	4.58167	4.25211	1.98879	2.08552	3.06566
7.3888	2.01047	4.58203	4.25123	1.98828	2.08413	3.06492
7.3952	2.01261	4.58275	4.25042	1.98744	2.08298	3.06605
7.4016	2.01476	4.58363	4.2498	1.98662	2.08177	3.06471
7.4078	2.01703	4.58463	4.24914	1.98565	2.08065	3.06432
7.4144	2.01915	4.58519	4.24831	1.9847	2.07956	3.0657
7.4206	2.02112	4.5851	4.24708	1.98377	2.07833	3.06368
7.427	2.02309	4.58507	4.24556	1.98286	2.07711	3.06298
7.4331	2.02501	4.58556	4.24393	1.98199	2.07562	3.06395
7.4395	2.02693	4.58615	4.2421	1.98123	2.07415	3.06188
7.4459	2.02896	4.58623	4.24052	1.9803	2.07251	3.06188
7.452	2.03106	4.58582	4.23918	1.97931	2.0708	3.06226
7.4584	2.03295	4.58536	4.23778	1.9781	2.06914	3.05977
7.4646	2.03464	4.58535	4.23638	1.97709	2.06731	3.06012
7.471	2.03615	4.58565	4.23456	1.97596	2.06555	3.05988
7.4774	2.03769	4.58546	4.23272	1.97479	2.06374	3.05782
7.4835	2.03923	4.58471	4.23061	1.97352	2.06201	3.05824
7.4899	2.04076	4.58399	4.22839	1.97222	2.06039	3.05717
7.4963	2.04246	4.58334	4.22613	1.971	2.0588	3.05491
7.5024	2.04411	4.58306	4.22347	1.96984	2.05711	3.05561
7.5088	2.04582	4.58253	4.22102	1.96872	2.05528	3.05362
7.5152	2.04732	4.58141	4.21832	1.96763	2.05326	3.05205
7.5214	2.04872	4.58061	4.21569	1.96631	2.05116	3.05266
7.5278	2.04991	4.57914	4.21314	1.96498	2.04894	3.0499
7.5342	2.05116	4.57792	4.21076	1.96346	2.04681	3.04841
7.5403	2.05249	4.57725	4.20834	1.96206	2.04486	3.04826
7.5467	2.05354	4.57649	4.20577	1.96047	2.04289	3.04574
7.5531	2.05472	4.57502	4.20302	1.95904	2.04105	3.04441
7.5595	2.05591	4.57295	4.20011	1.95777	2.03919	3.04414
7.5659	2.05716	4.57094	4.19702	1.95642	2.03702	3.04087
7.5723	2.05837	4.56967	4.19369	1.9551	2.03466	3.03998
7.5784	2.05938	4.56847	4.1905	1.95351	2.03233	3.03947
7.5851	2.06028	4.56672	4.18733	1.95223	2.03002	3.03647
7.5912	2.06108	4.56419	4.18439	1.95067	2.02765	3.03572
7.5976	2.06199	4.56159	4.18142	1.94935	2.02538	3.03287
7.6038	2.06278	4.55968	4.17843	1.94784	2.02324	3.03121
7.6102	2.06342	4.55813	4.17537	1.94642	2.02108	3.03063
7.6166	2.0641	4.55608	4.17192	1.94475	2.01872	3.02716
7.6227	2.06477	4.55332	4.16831	1.94301	2.01659	3.02607
7.6291	2.06563	4.55044	4.16461	1.94127	2.01433	3.02471
7.6355	2.0664	4.54807	4.1609	1.93955	2.0121	3.021
7.6416	2.06691	4.54597	4.1573	1.93805	2.00968	3.02069
7.648	2.0674	4.54351	4.15385	1.93651	2.00731	3.01875
7.6544	2.06786	4.54036	4.15025	1.93504	2.00493	3.01517
7.6606	2.06826	4.53701	4.14673	1.93354	2.00236	3.01455
7.667	2.06849	4.53432	4.14292	1.93203	1.99993	3.01192
7.6734	2.06874	4.53195	4.13926	1.93039	1.99761	3.00895
7.6795	2.06892	4.52908	4.13523	1.9287	1.99528	3.00855
7.6859	2.0692	4.52572	4.13117	1.92694	1.99304	3.00484
7.6923	2.06963	4.52193	4.12709	1.92534	1.99078	3.00227
7.6984	2.06993	4.51865	4.12279	1.92373	1.9884	3.00168
7.7048	2.0701	4.51588	4.11838	1.92221	1.98602	2.99739
7.7112	2.07017	4.51272	4.1142	1.92069	1.98354	2.99559
7.7174	2.07007	4.50892	4.11005	1.91897	1.98118	2.99435
7.7238	2.07012	4.50469	4.10621	1.91731	1.97872	2.99077
7.7302	2.06981	4.5009	4.1022	1.91577	1.97638	2.98843
7.7366	2.06975	4.49768	4.09804	1.91405	1.97415	2.98687
7.743	2.06947	4.49427	4.09391	1.91229	1.97188	2.98284
7.7494	2.06911	4.49022	4.08942	1.91067	1.96968	2.98138
7.7558	2.06882	4.48582	4.08499	1.909	1.9672	2.9794
7.7619	2.06857	4.48189	4.08026	1.90745	1.96474	2.9755
7.7686	2.06843	4.47844	4.0758	1.9059	1.96211	2.97459
7.7747	2.06832	4.47485	4.07143	1.9042	1.95972	2.97158
7.7811	2.06797	4.47066	4.06745	1.90275	1.95733	2.96756
7.7872	2.06753	4.46603	4.0632	1.90116	1.95493	2.96676
7.7936	2.06701	4.46169	4.05901	1.89965	1.9526	2.96334
7.8	2.06615	4.45771	4.05464	1.89815	1.95015	2.96031
7.8062	2.06522	4.45359	4.05006	1.89667	1.94805	2.95901
7.8126	2.06449	4.44904	4.04534	1.89522	1.94581	2.95509
7.819	2.06393	4.44406	4.04069	1.89366	1.94382	2.95228
7.8251	2.06334	4.43934	4.03611	1.89197	1.94168	2.95082
7.8315	2.06268	4.43505	4.03176	1.89037	1.9394	2.94699
7.8376	2.06188	4.43093	4.0274	1.88884	1.93708	2.94432
7.844	2.06081	4.42624	4.02323	1.88748	1.93478	2.94278
7.8504	2.05966	4.42095	4.01861	1.88615	1.93264	2.93824
7.8566	2.05857	4.41589	4.0146	1.88486	1.93061	2.93606
7.863	2.05739	4.4113	4.01017	1.88349	1.92863	2.93435
7.8691	2.05645	4.40706	4.00605	1.88204	1.92673	2.9302
7.8755	2.0555	4.40226	4.00178	1.88052	1.92484	2.92834
7.8819	2.05444	4.39684	3.99743	1.87905	1.92301	2.92594
7.8883	2.05316	4.39129	3.99292	1.87758	1.92107	2.92182
7.8947	2.05177	4.38603	3.98835	1.87619	1.91894	2.92046
7.9008	2.0506	4.38095	3.98389	1.87499	1.91685	2.91725
7.9072	2.04935	4.3763	3.97972	1.87378	1.91485	2.91368
7.9136	2.04799	4.37164	3.97581	1.87269	1.91285	2.91235
7.92	2.04648	4.36635	3.97181	1.87153	1.91103	2.90891
7.9264	2.04466	4.36066	3.96773	1.87029	1.9093	2.90555
7.9328	2.04295	4.35543	3.96355	1.8689	1.90754	2.90419
7.9392	2.0413	4.35085	3.95939	1.86754	1.90599	2.90079
7.9454	2.03973	4.34608	3.95493	1.86633	1.90426	2.89766
7.9518	2.03816	4.34074	3.95071	1.86499	1.90249	2.89624
7.9582	2.03658	4.33511	3.94665	1.86371	1.9008	2.89234
7.9643	2.03492	4.32974	3.94296	1.86256	1.89899	2.89003
7.9707	2.03325	4.32513	3.9393	1.86137	1.89725	2.88812
7.9771	2.03136	4.32027	3.93556	1.86027	1.89544	2.88412
7.9832	2.02934	4.31494	3.93165	1.85921	1.89388	2.88195
7.9896	2.02738	4.30916	3.92766	1.85818	1.89227	2.88018
7.996	2.02555	4.30382	3.92366	1.85718	1.89079	2.87611
8.0022	2.02365	4.29898	3.91948	1.85619	1.88936	2.87451
8.0086	2.02159	4.29442	3.91548	1.85509	1.88789	2.87271
8.0147	2.01963	4.28934	3.91137	1.854	1.88648	2.86855
8.0211	2.01774	4.28377	3.90754	1.8527	1.88493	2.86725
8.0275	2.01575	4.27845	3.90352	1.85146	1.88329	2.86462
8.0336	2.01362	4.27387	3.89963	1.85039	1.88166	2.8612
8.04	2.01127	4.26945	3.89592	1.84952	1.88027	2.86062
8.0464	2.00882	4.26451	3.89213	1.84861	1.87886	2.85744
8.0526	2.00631	4.25895	3.8886	1.84778	1.87758	2.85398
8.059	2.00407	4.25361	3.88512	1.84703	1.87645	2.85324
8.0651	2.00183	4.24895	3.88187	1.846	1.87532	2.85026
8.0715	1.99957	4.24453	3.87872	1.84487	1.87412	2.84767
8.0779	1.99698	4.23997	3.87538	1.84376	1.87289	2.84608
8.0843	1.99461	4.23475	3.87197	1.84272	1.87142	2.84287
8.0907	1.99207	4.2296	3.86847	1.84181	1.87	2.84076
8.0971	1.98958	4.22505	3.86501	1.84096	1.86889	2.84003
8.1035	1.987	4.22087	3.86176	1.84011	1.86775	2.83638
8.1099	1.98443	4.21629	3.85866	1.83938	1.86668	2.83433
8.116	1.98178	4.21116	3.85573	1.83852	1.86548	2.83325
8.1224	1.97896	4.20603	3.85292	1.83763	1.86443	2.82976
8.1286	1.97633	4.20137	3.84998	1.83673	1.86324	2.8283
8.135	1.97378	4.19734	3.84706	1.83594	1.86234	2.82716
8.1414	1.97122	4.19258	3.8438	1.83498	1.86134	2.82355
8.1475	1.96854	4.18861	3.8405	1.83398	1.86025	2.82215
8.1539	1.96595	4.18405	3.83734	1.83305	1.8591	2.82038
8.1603	1.96329	4.17925	3.83452	1.83214	1.85791	2.81712
8.1664	1.96037	4.17494	3.83195	1.83119	1.85686	2.81643
8.1728	1.95745	4.1711	3.82961	1.83043	1.85586	2.81438
8.1792	1.95452	4.16744	3.82701	1.82962	1.855	2.81188
8.1854	1.95175	4.16348	3.82444	1.82905	1.85405	2.81124
8.1918	1.94891	4.15904	3.82178	1.82838	1.85305	2.80896
8.1979	1.94604	4.15479	3.81899	1.82771	1.85219	2.80661
8.2043	1.94328	4.15122	3.81642	1.82693	1.85132	2.80609
8.2107	1.94036	4.14788	3.81367	1.82614	1.85026	2.80343
8.2168	1.93754	4.14423	3.81106	1.82549	1.8491	2.8013
8.2232	1.93454	4.13994	3.80826	1.8247	1.84811	2.80116
8.2296	1.93158	4.13565	3.80584	1.82385	1.84726	2.79843
8.236	1.92853	4.1322	3.80332	1.82313	1.84649	2.79694
8.2422	1.92543	4.12926	3.80105	1.82257	1.84574	2.79648
8.2486	1.92242	4.12603	3.79895	1.822	1.84495	2.79339
8.255	1.91949	4.12222	3.79714	1.82145	1.84428	2.79243
8.2614	1.91645	4.1184	3.79526	1.82086	1.84343	2.79159
8.2678	1.91367	4.1152	3.79291	1.82019	1.84251	2.78835
8.2742	1.91085	4.11229	3.79056	1.81937	1.84166	2.7879
8.2806	1.90805	4.1092	3.78816	1.81844	1.84087	2.78695
8.2867	1.90499	4.1054	3.78599	1.81771	1.84015	2.78393
8.2931	1.90193	4.10157	3.78396	1.81717	1.83936	2.78403
8.2995	1.89887	4.0984	3.78217	1.81665	1.8386	2.78261
8.3056	1.89577	4.09565	3.78049	1.81619	1.83805	2.77976
8.312	1.89277	4.09257	3.7789	1.81568	1.83731	2.77981
8.3182	1.88991	4.08923	3.77703	1.81528	1.83666	2.778
8.3246	1.88706	4.08587	3.775	1.81473	1.83597	2.77576
8.331	1.88415	4.08293	3.77279	1.81441	1.83544	2.77584
8.3371	1.88132	4.08062	3.77045	1.81406	1.83487	2.77402
8.3435	1.87853	4.07828	3.76828	1.81368	1.83429	2.77227
8.3499	1.8755	4.07546	3.7663	1.81314	1.83366	2.7725
8.356	1.87252	4.07249	3.76467	1.8125	1.83295	2.7701
8.3624	1.86939	4.06982	3.76306	1.81194	1.83244	2.76872
8.3688	1.86656	4.06751	3.76161	1.81141	1.83188	2.76908
8.375	1.86387	4.06528	3.75998	1.81088	1.83141	2.76602
8.3814	1.86112	4.06262	3.75867	1.81048	1.83103	2.76539
8.3875	1.85835	4.05977	3.75695	1.81026	1.83057	2.76559
8.3939	1.8555	4.05732	3.75526	1.81001	1.83005	2.76268
8.4003	1.85267	4.05529	3.75365	1.80963	1.82953	2.76236
8.4067	1.84976	4.05334	3.75195	1.80923	1.82896	2.76218
8.4131	1.84701	4.05097	3.75019	1.80882	1.82837	2.75969
8.4195	1.84388	4.04832	3.74868	1.80823	1.82796	2.75973
8.4256	1.84111	4.04586	3.74737	1.80765	1.82762	2.75912
8.4323	1.83853	4.04392	3.74611	1.80727	1.82736	2.75682
8.4384	1.83563	4.0421	3.74506	1.80699	1.8271	2.75746
8.4448	1.83284	4.03996	3.74404	1.80673	1.82691	2.75628
8.4512	1.83036	4.03763	3.74275	1.80657	1.82673	2.75421
8.4576	1.82786	4.03535	3.74129	1.80642	1.82655	2.7546
8.464	1.82539	4.03359	3.73977	1.80632	1.82624	2.75315
8.4702	1.82295	4.03214	3.73841	1.80609	1.82593	2.75117
8.4766	1.82062	4.03033	3.73726	1.80583	1.82568	2.75214
8.483	1.81832	4.02811	3.73631	1.80567	1.82546	2.75064
8.4891	1.81577	4.02575	3.73542	1.80543	1.82507	2.74963
8.4955	1.81321	4.02399	3.73465	1.80528	1.82486	2.75065
8.5016	1.81074	4.02264	3.73365	1.80498	1.82491	2.74844
8.508	1.80833	4.02103	3.73248	1.80482	1.82486	2.74742
8.5144	1.80609	4.01888	3.73123	1.80478	1.825	2.74835
8.5206	1.80393	4.01665	3.73004	1.80499	1.82506	2.74642
8.527	1.80174	4.015	3.7289	1.80522	1.8251	2.74601
8.5334	1.7994	4.01382	3.72804	1.80527	1.82517	2.74643
8.5395	1.79734	4.01244	3.72702	1.80513	1.82516	2.74442
8.5459	1.79534	4.01073	3.72607	1.80509	1.82505	2.74489
8.5523	1.7932	4.00882	3.72539	1.805	1.82496	2.74458
8.5584	1.79082	4.00728	3.72455	1.80489	1.82497	2.74284
8.5648	1.78864	4.00627	3.72391	1.80494	1.82507	2.74364
8.5712	1.78659	4.00521	3.72327	1.80502	1.8253	2.7436
8.5774	1.78463	4.00366	3.7227	1.80524	1.82562	2.74156
8.5838	1.78289	4.00172	3.722	1.8056	1.82601	2.74299
8.5902	1.78092	4.00018	3.72103	1.80575	1.82634	2.74099
8.5963	1.77913	3.9992	3.72005	1.80589	1.82654	2.74229
8.6027	1.77728	3.99825	3.71921	1.80589	1.82674	2.74131
8.6091	1.77553	3.99688	3.71852	1.80591	1.82705	2.74043
8.6155	1.77364	3.99519	3.71815	1.80602	1.82722	2.7416
8.6219	1.77169	3.99379	3.71783	1.80634	1.82748	2.74033
8.6283	1.7697	3.993	3.71751	1.80668	1.82801	2.74039
8.6347	1.76785	3.99251	3.71712	1.80707	1.82866	2.74139
8.6408	1.76616	3.99154	3.71653	1.80735	1.82927	2.73999
8.6472	1.76436	3.99023	3.71569	1.80778	1.8299	2.7404
8.6536	1.76274	3.98904	3.71528	1.80805	1.83044	2.74108
8.66	1.76137	3.98827	3.71494	1.80852	1.83106	2.73991
8.6662	1.75991	3.98787	3.71468	1.80882	1.83165	2.74105
8.6726	1.75848	3.98719	3.71466	1.80913	1.83217	2.74113
8.679	1.757	3.98601	3.7148	1.80951	1.83285	2.73975
8.6851	1.75546	3.985	3.71506	1.80984	1.83329	2.74099
8.6915	1.75392	3.98445	3.71514	1.81028	1.8338	2.74104
8.6976	1.75242	3.98425	3.71512	1.81062	1.83449	2.7406
8.704	1.75112	3.98375	3.7151	1.81106	1.83517	2.74179
8.7104	1.74978	3.98267	3.71503	1.8116	1.83588	2.74135
8.7166	1.74851	3.98153	3.71502	1.81222	1.83683	2.74147
8.723	1.74744	3.98101	3.7149	1.81296	1.83787	2.74292
8.7294	1.7461	3.98101	3.71515	1.81363	1.83896	2.74226
8.7355	1.74482	3.98071	3.71531	1.81415	1.83994	2.74271
8.7419	1.74346	3.9799	3.71565	1.81464	1.84073	2.74413
8.7483	1.74209	3.97907	3.71638	1.81508	1.84143	2.74361
8.7544	1.741	3.97875	3.71715	1.81553	1.84224	2.74428
8.7608	1.74005	3.97916	3.71769	1.81622	1.84316	2.74559
8.7672	1.73899	3.97951	3.71823	1.81692	1.84412	2.7443
8.7736	1.73787	3.97928	3.71872	1.81773	1.84524	2.74576
8.7798	1.73704	3.97857	3.71909	1.81847	1.84642	2.74722
8.7862	1.73615	3.9784	3.71945	1.81934	1.84747	2.74637
8.7926	1.73529	3.97875	3.71981	1.8201	1.84856	2.74791
8.7987	1.73429	3.9794	3.72042	1.82079	1.84953	2.74887
8.8054	1.73323	3.97969	3.72129	1.82127	1.85042	2.74842
8.8115	1.73214	3.97959	3.72214	1.82185	1.85142	2.75054
8.8179	1.73115	3.97977	3.723	1.82255	1.85254	2.75121
8.8243	1.73024	3.98054	3.72381	1.82341	1.8538	2.75082
8.8304	1.72943	3.98135	3.72445	1.8243	1.85508	2.75301
8.8368	1.7287	3.98178	3.72509	1.82516	1.85644	2.75319
8.8432	1.7281	3.98185	3.72577	1.82615	1.85781	2.7533
8.8494	1.7272	3.98214	3.7267	1.82696	1.85904	2.75571
8.8558	1.72644	3.98305	3.72774	1.82787	1.86032	2.75574
8.8619	1.72559	3.98429	3.72881	1.82877	1.86165	2.75664
8.8683	1.72479	3.98498	3.73014	1.82977	1.86303	2.75884
8.8747	1.72407	3.98517	3.73137	1.83079	1.86434	2.75846
8.8808	1.72352	3.98555	3.73271	1.83181	1.86557	2.75979
8.8872	1.72282	3.98649	3.73396	1.83259	1.86701	2.7621
8.8936	1.72197	3.98782	3.73524	1.83334	1.86833	2.76169
8.8998	1.72125	3.98878	3.73639	1.83432	1.86963	2.76319
8.9062	1.72061	3.98937	3.73747	1.8353	1.87109	2.76494
8.9126	1.7201	3.98993	3.73848	1.83641	1.87261	2.76497
8.9187	1.71948	3.99107	3.73975	1.83762	1.8743	2.76703
8.9251	1.71873	3.99263	3.74112	1.83878	1.8759	2.76874
8.9315	1.71815	3.99392	3.74278	1.83974	1.87748	2.76856
8.9376	1.71761	3.99471	3.74443	1.8406	1.87889	2.77117
8.944	1.71705	3.99553	3.7462	1.84147	1.88012	2.77266
8.9504	1.71648	3.99678	3.74786	1.84247	1.88151	2.77234
8.9568	1.71609	3.99854	3.74926	1.84356	1.88299	2.77512
8.9632	1.7157	4.0002	3.75055	1.84477	1.8846	2.77596
8.9694	1.71513	4.00139	3.75216	1.84596	1.88631	2.77649
8.9758	1.71479	4.00247	3.75389	1.84708	1.888	2.77922
8.9822	1.7145	4.00406	3.75566	1.84825	1.8897	2.77992
8.9886	1.71397	4.00617	3.75767	1.84933	1.89125	2.78096
8.9947	1.71345	4.00806	3.75971	1.85043	1.89274	2.78346
9.0011	1.71296	4.00941	3.76191	1.85147	1.89425	2.78382
9.0075	1.71275	4.01068	3.76406	1.85256	1.89582	2.78521
9.0136	1.71271	4.01246	3.7658	1.85354	1.89739	2.78783
9.02	1.71239	4.01462	3.76745	1.85473	1.89909	2.78785
9.0264	1.71206	4.01679	3.76921	1.8559	1.90081	2.78999
9.0326	1.71173	4.01845	3.77115	1.85715	1.90245	2.79249
9.039	1.71154	4.01995	3.77301	1.85834	1.9042	2.79269
9.0454	1.71136	4.02175	3.7752	1.85963	1.906	2.79489
9.0515	1.71121	4.02407	3.77731	1.86095	1.90778	2.79675
9.0579	1.71095	4.02643	3.77951	1.86209	1.90955	2.7974
9.064	1.71064	4.02832	3.78193	1.86341	1.91137	2.79996
9.0704	1.7104	4.02993	3.78418	1.86462	1.91302	2.80175
9.0768	1.71033	4.03183	3.78661	1.86582	1.91481	2.80243
9.083	1.71039	4.03423	3.78889	1.86708	1.91665	2.80539
9.0894	1.71037	4.03688	3.79134	1.86821	1.9184	2.80645
9.0958	1.71021	4.03918	3.79371	1.8692	1.92016	2.80755
9.1022	1.71006	4.04108	3.79584	1.87033	1.92177	2.81084
9.1083	1.70991	4.04315	3.79794	1.87163	1.92346	2.8115
9.1147	1.7099	4.04568	3.79992	1.87296	1.92511	2.81289
9.1211	1.70975	4.04844	3.80213	1.87433	1.92681	2.81565
9.1275	1.70984	4.05083	3.80461	1.87561	1.92871	2.81641
9.1339	1.70986	4.05283	3.80732	1.87688	1.93062	2.81824
9.14	1.71005	4.05513	3.80993	1.87805	1.93252	2.82118
9.1464	1.71026	4.05797	3.81256	1.87912	1.93419	2.82143
9.1526	1.7104	4.06104	3.81489	1.88025	1.93599	2.82382
9.159	1.71075	4.06378	3.81719	1.88145	1.93788	2.82669
9.1654	1.71101	4.06611	3.81942	1.88281	1.93941	2.82687
9.1715	1.71118	4.06849	3.82166	1.8843	1.94107	2.82956
9.1779	1.71118	4.0713	3.82415	1.88562	1.94277	2.83183
9.1843	1.71147	4.07448	3.82689	1.88692	1.94457	2.83232
9.1904	1.71166	4.07746	3.82983	1.88829	1.94648	2.83555
9.1968	1.71189	4.07998	3.83259	1.88951	1.94839	2.83711
9.203	1.71226	4.08247	3.83541	1.89073	1.95026	2.83777
9.2094	1.71258	4.08543	3.83813	1.89181	1.95205	2.84129
9.2158	1.71286	4.08883	3.84097	1.89307	1.95369	2.8425
9.2219	1.71332	4.09209	3.84354	1.89422	1.95522	2.84345
9.2283	1.71368	4.09483	3.84631	1.89551	1.95688	2.84683
9.2347	1.71404	4.09731	3.84873	1.89676	1.95859	2.84844
9.2408	1.71442	4.10012	3.8516	1.89799	1.96036	2.84993
9.2472	1.71482	4.10335	3.85421	1.89929	1.96211	2.85339
9.2536	1.71545	4.10672	3.857	1.90062	1.96396	2.85403
9.26	1.71593	4.1097	3.85989	1.90202	1.96599	2.85601
9.2662	1.71646	4.11231	3.86291	1.90327	1.96779	2.85924
9.2726	1.71708	4.11522	3.86605	1.9045	1.9697	2.85984
9.279	1.71789	4.11869	3.86917	1.90553	1.97146	2.86241
9.2854	1.7185	4.12239	3.87228	1.90662	1.97299	2.86556
9.2918	1.71912	4.12561	3.87503	1.90781	1.97455	2.86598
9.2982	1.71992	4.12823	3.87758	1.90896	1.97627	2.86833
9.3046	1.72061	4.13113	3.88006	1.91022	1.97804	2.87155
9.3107	1.72114	4.13477	3.88272	1.91152	1.97988	2.8721
9.3171	1.72172	4.13856	3.88561	1.9128	1.98165	2.87485
9.3235	1.72234	4.14186	3.88875	1.9141	1.98333	2.87728
9.3296	1.72309	4.14472	3.892	1.91516	1.985	2.87777
9.336	1.72412	4.14782	3.89513	1.91624	1.98667	2.88129
9.3422	1.72529	4.15143	3.89809	1.91729	1.98832	2.88331
9.3486	1.72632	4.15534	3.90076	1.91851	1.98981	2.88405
9.355	1.72698	4.15881	3.90349	1.91967	1.99136	2.88779
9.3611	1.72772	4.1617	3.90613	1.92082	1.99297	2.88905
9.3675	1.72843	4.16473	3.90882	1.92213	1.99473	2.88997
9.3739	1.72933	4.16816	3.91173	1.92331	1.99651	2.89356
9.38	1.7305	4.17203	3.91498	1.92451	1.99825	2.89441
9.3867	1.73159	4.17557	3.91808	1.92576	1.99993	2.89608
9.3928	1.73263	4.17861	3.92119	1.92684	2.00143	2.89894
9.3992	1.73377	4.18157	3.9243	1.92792	2.00298	2.90034
9.4056	1.735	4.18496	3.92732	1.92903	2.00446	2.90265
9.4118	1.73621	4.18882	3.93032	1.93013	2.00617	2.90528
9.4182	1.73717	4.1925	3.93312	1.93124	2.00741	2.90585
9.4243	1.7382	4.19559	3.936	1.93226	2.00877	2.90882
9.4307	1.7393	4.19864	3.93865	1.93311	2.01031	2.91074
9.4371	1.74038	4.2021	3.94154	1.93412	2.01195	2.91156
9.4432	1.74158	4.20593	3.94404	1.93524	2.01343	2.91469
9.4496	1.74281	4.20965	3.94706	1.93629	2.01512	2.91683
9.456	1.74413	4.21288	3.94991	1.93761	2.01671	2.9174
9.4624	1.74561	4.21597	3.95282	1.93883	2.0183	2.92084
9.4688	1.74711	4.21933	3.95585	1.93995	2.01976	2.92221
9.4752	1.74845	4.22309	3.95881	1.94094	2.021	2.92296
9.4816	1.74967	4.22688	3.96188	1.94184	2.02231	2.92641
9.488	1.75099	4.23018	3.96492	1.94263	2.02364	2.92779
9.4942	1.75237	4.23303	3.96779	1.94363	2.02506	2.92865
9.5008	1.7538	4.23621	3.97042	1.9446	2.02638	2.93192
9.507	1.75517	4.24013	3.97305	1.94565	2.02779	2.93297
9.5134	1.75646	4.24412	3.9757	1.9467	2.02927	2.93433
9.5195	1.75779	4.24748	3.97862	1.94766	2.03078	2.93752
9.5259	1.75936	4.25037	3.98169	1.94863	2.03219	2.93848
9.5323	1.76086	4.25355	3.98472	1.94962	2.03353	2.94006
9.5384	1.76235	4.25736	3.98768	1.9504	2.03476	2.94302
9.5448	1.76385	4.26127	3.99041	1.95119	2.03604	2.94378
9.551	1.76526	4.26471	3.9931	1.95195	2.03726	2.94554
9.5574	1.76672	4.26769	3.99546	1.953	2.03829	2.94846
9.5638	1.76828	4.27089	3.99787	1.95392	2.03949	2.94894
9.5699	1.76974	4.27464	4.0004	1.95478	2.04077	2.95122
9.5763	1.77128	4.27848	4.00316	1.95578	2.04223	2.95371
9.5827	1.77292	4.2818	4.006	1.9566	2.04354	2.95464
9.5888	1.77459	4.28472	4.00896	1.95749	2.04477	2.95743
9.5952	1.77638	4.28776	4.01161	1.95859	2.04605	2.9577
9.6014	1.77808	4.29139	4.01451	1.95942	2.04717	2.96078
9.6078	1.77959	4.29529	4.01733	1.96014	2.04834	2.96279
9.6142	1.78124	4.29874	4.01996	1.96082	2.04929	2.9627
9.6203	1.78279	4.30156	4.02263	1.96142	2.05032	2.96583
9.6267	1.78462	4.30448	4.025	1.96222	2.05116	2.96777
9.6331	1.78625	4.30792	4.02737	1.96299	2.0523	2.96799
9.6395	1.78808	4.31178	4.02987	1.96391	2.05335	2.97089
9.6459	1.78987	4.31538	4.03247	1.96477	2.05449	2.9719
9.6523	1.79176	4.31828	4.03526	1.96565	2.05548	2.97325
9.6587	1.79356	4.32118	4.03809	1.9664	2.05649	2.97649
9.6648	1.79541	4.32445	4.04089	1.96703	2.05759	2.97674
9.6712	1.79724	4.32823	4.04327	1.96755	2.05866	2.978
9.6776	1.79902	4.3317	4.04568	1.96818	2.0596	2.98105
9.6838	1.80079	4.33465	4.04782	1.96876	2.06039	2.98134
9.6902	1.80242	4.33734	4.05009	1.9694	2.0611	2.98334
9.6966	1.80427	4.34056	4.05248	1.97002	2.06186	2.98561
9.7027	1.80606	4.34413	4.05506	1.97073	2.06268	2.98544
9.7091	1.80803	4.3476	4.05764	1.97156	2.06355	2.9878
9.7152	1.80998	4.35048	4.06035	1.97227	2.06463	2.98996
9.7216	1.81197	4.35316	4.06281	1.97279	2.06571	2.98998
9.728	1.81389	4.35612	4.06505	1.97334	2.06651	2.99219
9.7342	1.81569	4.35968	4.06691	1.97393	2.06734	2.99427
9.7406	1.81756	4.36308	4.06899	1.97464	2.06791	2.99431
9.747	1.8193	4.36594	4.07111	1.97503	2.06849	2.99673
9.7531	1.82102	4.36842	4.07345	1.97552	2.06905	2.99867
9.7595	1.82287	4.37122	4.07562	1.97592	2.06973	2.99868
9.7656	1.82489	4.37464	4.07778	1.97646	2.07043	3.00137
9.772	1.82701	4.3781	4.07995	1.97707	2.07114	3.00265
9.7784	1.82911	4.38078	4.08206	1.97756	2.07185	3.00278
9.7848	1.83115	4.38316	4.08449	1.97811	2.07268	3.00558
9.791	1.8331	4.38581	4.08664	1.97864	2.07326	3.00658
9.7974	1.83512	4.38915	4.0888	1.97898	2.074	3.00718
9.8038	1.83684	4.39257	4.09095	1.9793	2.07466	3.00976
9.8102	1.83879	4.39542	4.09281	1.97945	2.07508	3.01019
9.8166	1.84077	4.39781	4.09455	1.97971	2.07553	3.01067
9.823	1.84269	4.40033	4.09613	1.98013	2.0758	3.01363
9.8294	1.84456	4.40338	4.09789	1.98046	2.0763	3.01376
9.8355	1.84648	4.40661	4.09985	1.98085	2.07671	3.01531
9.8419	1.84859	4.40959	4.10195	1.98127	2.07724	3.01773
9.8483	1.85074	4.41188	4.10398	1.98174	2.07798	3.01733
9.8544	1.85276	4.41422	4.10606	1.98212	2.07853	3.01849
9.8608	1.85473	4.41701	4.10788	1.98216	2.0789	3.0209
9.867	1.85665	4.42006	4.10939	1.98235	2.07922	3.02039
9.8736	1.85883	4.42287	4.11082	1.98253	2.07948	3.0224
9.88	1.86074	4.4252	4.1123	1.98272	2.07976	3.02419
9.8864	1.86266	4.42725	4.11382	1.98286	2.08006	3.0237
9.8926	1.86462	4.42995	4.11551	1.98316	2.08027	3.02603
9.899	1.86652	4.43302	4.11741	1.98353	2.08064	3.02687
9.9054	1.86839	4.4357	4.11933	1.98392	2.08099	3.02663
9.9115	1.87035	4.43784	4.12106	1.98397	2.08137	3.02927
9.9179	1.87245	4.43985	4.12263	1.98409	2.0816	3.02992
9.924	1.87451	4.44219	4.12403	1.98415	2.08162	3.03001
9.9304	1.87645	4.44487	4.12537	1.98415	2.08163	3.03259
9.9368	1.8783	4.44746	4.12679	1.98419	2.08169	3.03284
9.943	1.8802	4.44959	4.12776	1.98422	2.08177	3.03328
9.9494	1.88204	4.45143	4.12914	1.98425	2.08198	3.03561
9.9558	1.88395	4.4537	4.13037	1.98441	2.0821	3.03531
9.9619	1.886	4.4565	4.13175	1.98465	2.08223	3.03604
9.9683	1.88807	4.4591	4.13306	1.98491	2.08229	3.0383
9.9747	1.89024	4.46106	4.13451	1.98513	2.08231	3.03751
9.9811	1.8924	4.4627	4.1361	1.98514	2.08243	3.03909
9.9872	1.89445	4.46483	4.13755	1.98508	2.08237	3.04092
9.9936	1.89636	4.46745	4.13871	1.98493	2.08253	3.04007
10	1.89827	4.4699	4.13969	1.9846	2.08256	3.04146
